[38;2;230;170;190m[48;2;230;170;190m▀[m[38;2;230;170;190m[48;2;230;170;190m▀[m[38;2;230;170;190m[48;2;230;170;190m▀[m[38;2;230;170;190m[48;2;230;170;190m▀[m[38;2;230;170;190m[48;2;230;170;190m▀[m[38;2;230;170;190m[48;2;230;170;190m▀[m[38;2;230;170;190m[48;2;230;170;190m▀[m[38;2;230;170;190m[48;2;230;170;190m▀[m[38;2;230;170;190m[48;2;230;170;190m▀[m[38;2;230;170;190m[48;2;230;170;190m▀[m[38;2;230;170;190m[48;2;230;170;190m▀[m[38;2;230;170;190m[48;2;230;170;190m▀[m[38;2;230;170;190m[48;2;230;170;190m▀[m[38;2;230;170;190m[48;2;230;170;190m▀[m[38;2;230;170;190m[48;2;230;170;190m▀[m[38;2;0;0;0m[48;2;21;2;6m▀[m[38;2;0;0;0m[48;2;24;0;2m▀[m[38;2;0;0;0m[48;2;22;0;2m▀[m[38;2;0;0;0m[48;2;24;0;2m▀[m[38;2;0;0;0m[48;2;22;0;2m▀[m[38;2;0;0;0m[48;2;24;0;2m▀[m[38;2;1;1;1m[48;2;38;5;14m▀[m[38;2;230;170;190m[48;2;230;170;190m▀[m[38;2;230;170;190m[48;2;230;170;190m▀[m[38;2;230;170;190m[48;2;230;170;190m▀[m[38;2;230;170;190m[48;2;230;170;190m▀[m[38;2;230;170;190m[48;2;230;170;190m▀[m[38;2;230;170;190m[48;2;230;170;190m▀[m[38;2;230;170;190m[48;2;230;170;190m▀[m[38;2;230;170;190m[48;2;230;170;190m▀[m[38;2;230;170;190m[48;2;230;170;190m▀[m[38;2;230;170;190m[48;2;230;170;190m▀[m[38;2;230;170;190m[48;2;230;170;190m▀[m[38;2;230;170;190m[48;2;230;170;190m▀[m[38;2;230;170;190m[48;2;230;170;190m▀[m[38;2;230;170;190m[48;2;230;170;190m▀[m[38;2;230;170;190m[48;2;230;170;190m▀[m[38;2;230;170;190m[48;2;230;170;190m▀[m[38;2;230;170;190m[48;2;230;170;190m▀[m[38;2;230;170;190m[48;2;230;170;190m▀[m
[38;2;230;170;190m[48;2;230;170;190m▀[m[38;2;230;170;190m[48;2;230;170;190m▀[m[38;2;230;170;190m[48;2;230;170;190m▀[m[38;2;230;170;190m[48;2;230;170;190m▀[m[38;2;230;170;190m[48;2;230;170;190m▀[m[38;2;230;170;190m[48;2;230;170;190m▀[m[38;2;230;170;190m[48;2;230;170;190m▀[m[38;2;230;170;190m[48;2;230;170;190m▀[m[38;2;230;170;190m[48;2;230;170;190m▀[m[38;2;230;170;190m[48;2;230;170;190m▀[m[38;2;230;170;190m[48;2;230;170;190m▀[m[38;2;230;170;190m[48;2;230;170;190m▀[m[38;2;230;170;190m[48;2;0;1;0m▀[m[38;2;7;0;0m[48;2;249;108;150m▀[m[38;2;2;4;1m[48;2;251;189;210m▀[m[38;2;233;193;204m[48;2;255;187;208m▀[m[38;2;255;187;208m[48;2;255;187;208m▀[m[38;2;255;187;208m[48;2;255;187;208m▀[m[38;2;255;187;208m[48;2;255;187;208m▀[m[38;2;255;187;208m[48;2;255;187;208m▀[m[38;2;255;187;208m[48;2;255;187;208m▀[m[38;2;249;177;199m[48;2;255;187;208m▀[m[38;2;2;4;1m[48;2;255;187;208m▀[m[38;2;2;4;1m[48;2;255;187;208m▀[m[38;2;230;170;190m[48;2;9;0;1m▀[m[38;2;230;170;190m[48;2;0;0;0m▀[m[38;2;230;170;190m[48;2;1;0;0m▀[m[38;2;230;170;190m[48;2;230;170;190m▀[m[38;2;230;170;190m[48;2;230;170;190m▀[m[38;2;230;170;190m[48;2;230;170;190m▀[m[38;2;230;170;190m[48;2;230;170;190m▀[m[38;2;230;170;190m[48;2;230;170;190m▀[m[38;2;230;170;190m[48;2;230;170;190m▀[m[38;2;230;170;190m[48;2;230;170;190m▀[m[38;2;230;170;190m[48;2;230;170;190m▀[m[38;2;230;170;190m[48;2;230;170;190m▀[m[38;2;230;170;190m[48;2;230;170;190m▀[m[38;2;230;170;190m[48;2;230;170;190m▀[m[38;2;230;170;190m[48;2;230;170;190m▀[m[38;2;230;170;190m[48;2;230;170;190m▀[m
[38;2;230;170;190m[48;2;230;170;190m▀[m[38;2;230;170;190m[48;2;230;170;190m▀[m[38;2;230;170;190m[48;2;230;170;190m▀[m[38;2;230;170;190m[48;2;230;170;190m▀[m[38;2;230;170;190m[48;2;230;170;190m▀[m[38;2;230;170;190m[48;2;230;170;190m▀[m[38;2;230;170;190m[48;2;230;170;190m▀[m[38;2;230;170;190m[48;2;230;170;190m▀[m[38;2;230;170;190m[48;2;230;170;190m▀[m[38;2;230;170;190m[48;2;0;0;0m▀[m[38;2;0;0;0m[48;2;244;196;210m▀[m[38;2;0;0;0m[48;2;240;177;196m▀[m[38;2;255;187;208m[48;2;255;187;208m▀[m[38;2;255;187;208m[48;2;255;187;208m▀[m[38;2;255;187;208m[48;2;255;112;158m▀[m[38;2;255;187;208m[48;2;246;109;151m▀[m[38;2;255;187;208m[48;2;246;109;151m▀[m[38;2;255;187;208m[48;2;246;109;151m▀[m[38;2;255;187;208m[48;2;246;109;151m▀[m[38;2;255;187;208m[48;2;253;185;208m▀[m[38;2;255;187;208m[48;2;255;187;208m▀[m[38;2;255;187;208m[48;2;255;187;208m▀[m[38;2;255;187;208m[48;2;255;187;208m▀[m[38;2;255;187;208m[48;2;255;187;208m▀[m[38;2;255;187;208m[48;2;255;187;208m▀[m[38;2;255;187;208m[48;2;255;187;208m▀[m[38;2;255;187;208m[48;2;252;187;207m▀[m[38;2;0;0;0m[48;2;250;189;205m▀[m[38;2;230;170;190m[48;2;0;2;0m▀[m[38;2;230;170;190m[48;2;230;170;190m▀[m[38;2;230;170;190m[48;2;230;170;190m▀[m[38;2;230;170;190m[48;2;230;170;190m▀[m[38;2;230;170;190m[48;2;230;170;190m▀[m[38;2;230;170;190m[48;2;230;170;190m▀[m[38;2;230;170;190m[48;2;230;170;190m▀[m[38;2;230;170;190m[48;2;230;170;190m▀[m[38;2;230;170;190m[48;2;230;170;190m▀[m[38;2;230;170;190m[48;2;230;170;190m▀[m[38;2;230;170;190m[48;2;230;170;190m▀[m[38;2;230;170;190m[48;2;230;170;190m▀[m
[38;2;230;170;190m[48;2;230;170;190m▀[m[38;2;230;170;190m[48;2;230;170;190m▀[m[38;2;230;170;190m[48;2;230;170;190m▀[m[38;2;230;170;190m[48;2;230;170;190m▀[m[38;2;230;170;190m[48;2;230;170;190m▀[m[38;2;230;170;190m[48;2;230;170;190m▀[m[38;2;230;170;190m[48;2;230;170;190m▀[m[38;2;230;170;190m[48;2;230;170;190m▀[m[38;2;230;170;190m[48;2;3;1;2m▀[m[38;2;11;0;0m[48;2;255;187;208m▀[m[38;2;246;192;208m[48;2;255;187;208m▀[m[38;2;255;188;213m[48;2;251;189;214m▀[m[38;2;255;186;212m[48;2;254;107;151m▀[m[38;2;255;186;212m[48;2;254;107;151m▀[m[38;2;248;109;150m[48;2;254;107;151m▀[m[38;2;254;107;151m[48;2;255;106;151m▀[m[38;2;254;107;151m[48;2;254;107;151m▀[m[38;2;254;107;151m[48;2;253;108;151m▀[m[38;2;254;107;151m[48;2;254;107;151m▀[m[38;2;255;182;210m[48;2;253;108;151m▀[m[38;2;255;186;211m[48;2;232;116;153m▀[m[38;2;253;188;208m[48;2;251;190;208m▀[m[38;2;255;187;208m[48;2;255;187;208m▀[m[38;2;255;187;208m[48;2;255;187;208m▀[m[38;2;255;187;208m[48;2;255;187;208m▀[m[38;2;255;187;208m[48;2;255;187;208m▀[m[38;2;255;187;208m[48;2;255;187;208m▀[m[38;2;255;187;208m[48;2;255;187;208m▀[m[38;2;10;0;0m[48;2;255;187;208m▀[m[38;2;230;170;190m[48;2;24;0;5m▀[m[38;2;230;170;190m[48;2;0;0;0m▀[m[38;2;230;170;190m[48;2;230;170;190m▀[m[38;2;230;170;190m[48;2;230;170;190m▀[m[38;2;230;170;190m[48;2;230;170;190m▀[m[38;2;230;170;190m[48;2;230;170;190m▀[m[38;2;230;170;190m[48;2;230;170;190m▀[m[38;2;230;170;190m[48;2;230;170;190m▀[m[38;2;230;170;190m[48;2;230;170;190m▀[m[38;2;230;170;190m[48;2;230;170;190m▀[m[38;2;230;170;190m[48;2;230;170;190m▀[m
[38;2;230;170;190m[48;2;230;170;190m▀[m[38;2;230;170;190m[48;2;230;170;190m▀[m[38;2;230;170;190m[48;2;230;170;190m▀[m[38;2;230;170;190m[48;2;230;170;190m▀[m[38;2;230;170;190m[48;2;230;170;190m▀[m[38;2;230;170;190m[48;2;230;170;190m▀[m[38;2;230;170;190m[48;2;230;170;190m▀[m[38;2;1;3;2m[48;2;1;3;2m▀[m[38;2;255;187;208m[48;2;255;187;208m▀[m[38;2;255;187;208m[48;2;255;100;142m▀[m[38;2;237;115;152m[48;2;255;105;152m▀[m[38;2;254;107;151m[48;2;254;107;151m▀[m[38;2;254;107;151m[48;2;254;107;151m▀[m[38;2;254;107;151m[48;2;254;107;151m▀[m[38;2;254;107;151m[48;2;161;69;94m▀[m[38;2;177;57;92m[48;2;163;70;97m▀[m[38;2;162;66;94m[48;2;162;66;94m▀[m[38;2;162;66;94m[48;2;162;66;94m▀[m[38;2;162;66;94m[48;2;162;66;94m▀[m[38;2;162;66;94m[48;2;162;66;94m▀[m[38;2;170;60;95m[48;2;170;60;95m▀[m[38;2;255;107;152m[48;2;251;106;149m▀[m[38;2;255;187;208m[48;2;255;106;155m▀[m[38;2;255;187;208m[48;2;255;187;208m▀[m[38;2;255;187;208m[48;2;255;187;208m▀[m[38;2;255;187;208m[48;2;255;187;208m▀[m[38;2;255;187;208m[48;2;255;187;208m▀[m[38;2;255;187;208m[48;2;255;187;208m▀[m[38;2;255;187;208m[48;2;255;187;208m▀[m[38;2;24;0;5m[48;2;252;187;207m▀[m[38;2;1;1;1m[48;2;250;185;205m▀[m[38;2;230;170;190m[48;2;1;1;1m▀[m[38;2;230;170;190m[48;2;230;170;190m▀[m[38;2;230;170;190m[48;2;230;170;190m▀[m[38;2;230;170;190m[48;2;230;170;190m▀[m[38;2;230;170;190m[48;2;230;170;190m▀[m[38;2;230;170;190m[48;2;230;170;190m▀[m[38;2;230;170;190m[48;2;230;170;190m▀[m[38;2;230;170;190m[48;2;230;170;190m▀[m[38;2;230;170;190m[48;2;230;170;190m▀[m
[38;2;230;170;190m[48;2;230;170;190m▀[m[38;2;230;170;190m[48;2;230;170;190m▀[m[38;2;230;170;190m[48;2;230;170;190m▀[m[38;2;230;170;190m[48;2;230;170;190m▀[m[38;2;230;170;190m[48;2;230;170;190m▀[m[38;2;4;4;4m[48;2;0;0;0m▀[m[38;2;7;1;3m[48;2;4;2;3m▀[m[38;2;241;195;208m[48;2;255;187;215m▀[m[38;2;237;115;156m[48;2;254;107;151m▀[m[38;2;255;109;154m[48;2;254;107;151m▀[m[38;2;254;107;151m[48;2;254;107;151m▀[m[38;2;254;107;151m[48;2;255;108;153m▀[m[38;2;254;107;151m[48;2;250;107;151m▀[m[38;2;170;63;93m[48;2;155;69;94m▀[m[38;2;230;170;190m[48;2;230;170;190m▀[m[38;2;230;170;190m[48;2;230;170;190m▀[m[38;2;230;170;190m[48;2;230;170;190m▀[m[38;2;14;0;0m[48;2;13;0;1m▀[m[38;2;242;112;148m[48;2;252;106;153m▀[m[38;2;244;112;151m[48;2;252;102;147m▀[m[38;2;247;111;151m[48;2;254;107;151m▀[m[38;2;254;107;151m[48;2;254;107;151m▀[m[38;2;253;108;149m[48;2;253;108;149m▀[m[38;2;255;187;208m[48;2;255;187;208m▀[m[38;2;255;187;208m[48;2;255;187;208m▀[m[38;2;255;187;208m[48;2;255;187;208m▀[m[38;2;255;187;208m[48;2;255;187;208m▀[m[38;2;255;187;208m[48;2;255;187;208m▀[m[38;2;255;187;208m[48;2;255;187;208m▀[m[38;2;255;187;208m[48;2;255;187;208m▀[m[38;2;255;184;206m[48;2;255;187;208m▀[m[38;2;236;117;149m[48;2;248;109;151m▀[m[38;2;1;1;1m[48;2;4;0;0m▀[m[38;2;230;170;190m[48;2;230;170;190m▀[m[38;2;230;170;190m[48;2;230;170;190m▀[m[38;2;230;170;190m[48;2;230;170;190m▀[m[38;2;230;170;190m[48;2;230;170;190m▀[m[38;2;230;170;190m[48;2;230;170;190m▀[m[38;2;230;170;190m[48;2;230;170;190m▀[m[38;2;230;170;190m[48;2;230;170;190m▀[m
[38;2;230;170;190m[48;2;230;170;190m▀[m[38;2;230;170;190m[48;2;230;170;190m▀[m[38;2;230;170;190m[48;2;230;170;190m▀[m[38;2;230;170;190m[48;2;230;170;190m▀[m[38;2;230;170;190m[48;2;0;0;0m▀[m[38;2;4;4;4m[48;2;246;111;151m▀[m[38;2;4;3;1m[48;2;247;108;150m▀[m[38;2;254;107;151m[48;2;254;107;151m▀[m[38;2;254;107;151m[48;2;254;107;151m▀[m[38;2;254;107;151m[48;2;254;107;151m▀[m[38;2;254;107;151m[48;2;170;63;93m▀[m[38;2;254;107;151m[48;2;163;67;95m▀[m[38;2;161;67;94m[48;2;230;170;190m▀[m[38;2;230;170;190m[48;2;230;170;190m▀[m[38;2;230;170;190m[48;2;230;170;190m▀[m[38;2;0;0;0m[48;2;0;0;0m▀[m[38;2;0;0;0m[48;2;0;0;0m▀[m[38;2;255;106;151m[48;2;255;106;151m▀[m[38;2;165;65;93m[48;2;255;106;151m▀[m[38;2;255;106;151m[48;2;254;107;151m▀[m[38;2;254;107;151m[48;2;254;107;151m▀[m[38;2;254;107;151m[48;2;254;107;151m▀[m[38;2;253;108;149m[48;2;254;107;151m▀[m[38;2;255;187;208m[48;2;253;106;150m▀[m[38;2;255;187;208m[48;2;255;190;212m▀[m[38;2;255;187;208m[48;2;255;187;208m▀[m[38;2;255;187;208m[48;2;255;187;208m▀[m[38;2;255;187;208m[48;2;255;187;208m▀[m[38;2;255;187;208m[48;2;255;187;208m▀[m[38;2;255;187;208m[48;2;255;187;208m▀[m[38;2;255;187;208m[48;2;255;187;208m▀[m[38;2;255;187;208m[48;2;255;187;208m▀[m[38;2;2;0;1m[48;2;252;189;208m▀[m[38;2;230;170;190m[48;2;1;1;0m▀[m[38;2;230;170;190m[48;2;0;0;0m▀[m[38;2;230;170;190m[48;2;230;170;190m▀[m[38;2;230;170;190m[48;2;230;170;190m▀[m[38;2;230;170;190m[48;2;230;170;190m▀[m[38;2;230;170;190m[48;2;230;170;190m▀[m[38;2;230;170;190m[48;2;230;170;190m▀[m
[38;2;230;170;190m[48;2;230;170;190m▀[m[38;2;230;170;190m[48;2;230;170;190m▀[m[38;2;230;170;190m[48;2;230;170;190m▀[m[38;2;230;170;190m[48;2;2;0;5m▀[m[38;2;0;0;0m[48;2;211;127;150m▀[m[38;2;244;112;151m[48;2;255;106;151m▀[m[38;2;254;107;151m[48;2;254;107;151m▀[m[38;2;254;107;151m[48;2;254;107;151m▀[m[38;2;254;107;151m[48;2;254;107;151m▀[m[38;2;254;107;151m[48;2;230;170;190m▀[m[38;2;230;170;190m[48;2;230;170;190m▀[m[38;2;230;170;190m[48;2;230;170;190m▀[m[38;2;230;170;190m[48;2;230;170;190m▀[m[38;2;230;170;190m[48;2;230;170;190m▀[m[38;2;230;170;190m[48;2;2;2;2m▀[m[38;2;0;0;0m[48;2;192;139;155m▀[m[38;2;0;0;0m[48;2;209;127;149m▀[m[38;2;255;106;151m[48;2;177;63;96m▀[m[38;2;254;107;151m[48;2;180;62;97m▀[m[38;2;254;107;151m[48;2;255;110;153m▀[m[38;2;243;114;153m[48;2;245;113;153m▀[m[38;2;160;67;96m[48;2;159;64;94m▀[m[38;2;254;107;151m[48;2;255;169;196m▀[m[38;2;255;106;151m[48;2;255;168;198m▀[m[38;2;255;183;206m[48;2;255;187;208m▀[m[38;2;255;187;208m[48;2;251;183;204m▀[m[38;2;255;187;208m[48;2;231;120;153m▀[m[38;2;255;187;208m[48;2;255;187;208m▀[m[38;2;255;187;208m[48;2;255;187;208m▀[m[38;2;255;187;208m[48;2;255;187;208m▀[m[38;2;255;187;208m[48;2;255;187;208m▀[m[38;2;255;187;208m[48;2;255;187;208m▀[m[38;2;255;187;208m[48;2;255;187;208m▀[m[38;2;1;1;1m[48;2;1;1;1m▀[m[38;2;0;0;0m[48;2;7;7;7m▀[m[38;2;230;170;190m[48;2;2;2;2m▀[m[38;2;230;170;190m[48;2;230;170;190m▀[m[38;2;230;170;190m[48;2;230;170;190m▀[m[38;2;230;170;190m[48;2;230;170;190m▀[m[38;2;230;170;190m[48;2;230;170;190m▀[m
[38;2;230;170;190m[48;2;230;170;190m▀[m[38;2;230;170;190m[48;2;230;170;190m▀[m[38;2;230;170;190m[48;2;230;170;190m▀[m[38;2;0;3;0m[48;2;0;3;0m▀[m[38;2;254;107;151m[48;2;254;107;151m▀[m[38;2;254;107;151m[48;2;254;107;151m▀[m[38;2;254;107;151m[48;2;254;107;151m▀[m[38;2;254;107;151m[48;2;253;108;151m▀[m[38;2;250;109;151m[48;2;230;170;190m▀[m[38;2;230;170;190m[48;2;230;170;190m▀[m[38;2;230;170;190m[48;2;230;170;190m▀[m[38;2;230;170;190m[48;2;230;170;190m▀[m[38;2;230;170;190m[48;2;230;170;190m▀[m[38;2;230;170;190m[48;2;230;170;190m▀[m[38;2;0;0;0m[48;2;0;0;0m▀[m[38;2;210;128;150m[48;2;130;82;94m▀[m[38;2;254;107;151m[48;2;162;66;94m▀[m[38;2;161;67;94m[48;2;251;109;149m▀[m[38;2;162;66;94m[48;2;162;66;93m▀[m[38;2;255;106;151m[48;2;255;106;151m▀[m[38;2;248;111;153m[48;2;245;113;153m▀[m[38;2;165;66;95m[48;2;165;66;95m▀[m[38;2;255;187;208m[48;2;255;187;208m▀[m[38;2;255;187;208m[48;2;255;187;208m▀[m[38;2;255;187;208m[48;2;255;187;208m▀[m[38;2;254;186;209m[48;2;253;188;212m▀[m[38;2;253;108;151m[48;2;252;187;211m▀[m[38;2;255;187;208m[48;2;255;107;149m▀[m[38;2;255;187;208m[48;2;248;187;205m▀[m[38;2;255;187;208m[48;2;255;187;208m▀[m[38;2;255;187;208m[48;2;255;187;208m▀[m[38;2;255;187;208m[48;2;255;187;208m▀[m[38;2;255;187;208m[48;2;255;106;151m▀[m[38;2;1;1;1m[48;2;252;189;210m▀[m[38;2;0;0;0m[48;2;237;195;207m▀[m[38;2;0;0;0m[48;2;0;0;0m▀[m[38;2;230;170;190m[48;2;230;170;190m▀[m[38;2;230;170;190m[48;2;230;170;190m▀[m[38;2;230;170;190m[48;2;230;170;190m▀[m[38;2;230;170;190m[48;2;230;170;190m▀[m
[38;2;230;170;190m[48;2;230;170;190m▀[m[38;2;230;170;190m[48;2;230;170;190m▀[m[38;2;230;170;190m[48;2;13;18;12m▀[m[38;2;0;3;0m[48;2;252;111;154m▀[m[38;2;254;107;151m[48;2;254;107;151m▀[m[38;2;254;107;151m[48;2;254;107;151m▀[m[38;2;247;110;152m[48;2;246;126;163m▀[m[38;2;230;170;190m[48;2;230;170;190m▀[m[38;2;230;170;190m[48;2;230;170;190m▀[m[38;2;230;170;190m[48;2;230;170;190m▀[m[38;2;230;170;190m[48;2;230;170;190m▀[m[38;2;230;170;190m[48;2;230;170;190m▀[m[38;2;230;170;190m[48;2;230;170;190m▀[m[38;2;230;170;190m[48;2;230;170;190m▀[m[38;2;0;0;0m[48;2;0;0;0m▀[m[38;2;133;81;94m[48;2;213;134;156m▀[m[38;2;162;66;94m[48;2;255;107;152m▀[m[38;2;254;107;149m[48;2;253;106;150m▀[m[38;2;164;65;93m[48;2;164;65;93m▀[m[38;2;255;106;151m[48;2;255;106;151m▀[m[38;2;245;113;153m[48;2;255;106;151m▀[m[38;2;166;61;92m[48;2;249;108;150m▀[m[38;2;1;1;0m[48;2;0;0;0m▀[m[38;2;2;1;0m[48;2;0;0;0m▀[m[38;2;240;192;204m[48;2;159;39;41m▀[m[38;2;255;187;208m[48;2;177;35;47m▀[m[38;2;255;187;208m[48;2;251;105;150m▀[m[38;2;255;186;205m[48;2;255;187;208m▀[m[38;2;254;186;207m[48;2;255;187;208m▀[m[38;2;226;121;154m[48;2;225;121;154m▀[m[38;2;252;109;152m[48;2;252;106;153m▀[m[38;2;252;109;152m[48;2;251;188;207m▀[m[38;2;254;187;205m[48;2;255;187;208m▀[m[38;2;254;186;207m[48;2;9;3;3m▀[m[38;2;235;197;208m[48;2;1;0;0m▀[m[38;2;0;0;0m[48;2;230;170;190m▀[m[38;2;230;170;190m[48;2;230;170;190m▀[m[38;2;230;170;190m[48;2;230;170;190m▀[m[38;2;230;170;190m[48;2;230;170;190m▀[m[38;2;230;170;190m[48;2;230;170;190m▀[m
[38;2;230;170;190m[48;2;230;170;190m▀[m[38;2;230;170;190m[48;2;230;170;190m▀[m[38;2;1;0;0m[48;2;1;0;2m▀[m[38;2;254;107;151m[48;2;254;107;151m▀[m[38;2;254;107;151m[48;2;254;107;151m▀[m[38;2;218;155;177m[48;2;230;170;190m▀[m[38;2;220;161;181m[48;2;230;170;190m▀[m[38;2;230;170;190m[48;2;230;170;190m▀[m[38;2;230;170;190m[48;2;230;170;190m▀[m[38;2;230;170;190m[48;2;230;170;190m▀[m[38;2;230;170;190m[48;2;230;170;190m▀[m[38;2;230;170;190m[48;2;230;170;190m▀[m[38;2;230;170;190m[48;2;230;170;190m▀[m[38;2;230;170;190m[48;2;230;170;190m▀[m[38;2;2;2;2m[48;2;230;170;190m▀[m[38;2;181;135;146m[48;2;0;0;0m▀[m[38;2;215;127;149m[48;2;3;3;3m▀[m[38;2;237;115;152m[48;2;167;64;94m▀[m[38;2;161;67;94m[48;2;165;64;94m▀[m[38;2;255;106;151m[48;2;255;101;146m▀[m[38;2;254;107;151m[48;2;254;107;151m▀[m[38;2;255;116;158m[48;2;254;107;151m▀[m[38;2;49;0;11m[48;2;253;108;151m▀[m[38;2;1;0;0m[48;2;1;1;0m▀[m[38;2;212;27;33m[48;2;235;9;20m▀[m[38;2;211;23;24m[48;2;215;9;13m▀[m[38;2;212;128;152m[48;2;4;0;0m▀[m[38;2;255;166;197m[48;2;252;110;150m▀[m[38;2;250;191;209m[48;2;246;184;207m▀[m[38;2;225;121;154m[48;2;223;122;154m▀[m[38;2;250;107;151m[48;2;255;109;154m▀[m[38;2;255;187;208m[48;2;255;187;208m▀[m[38;2;235;197;208m[48;2;0;5;1m▀[m[38;2;2;0;3m[48;2;230;170;190m▀[m[38;2;1;1;1m[48;2;230;170;190m▀[m[38;2;230;170;190m[48;2;230;170;190m▀[m[38;2;230;170;190m[48;2;230;170;190m▀[m[38;2;230;170;190m[48;2;230;170;190m▀[m[38;2;230;170;190m[48;2;230;170;190m▀[m[38;2;230;170;190m[48;2;230;170;190m▀[m
[38;2;230;170;190m[48;2;230;170;190m▀[m[38;2;230;170;190m[48;2;230;170;190m▀[m[38;2;1;0;2m[48;2;1;0;2m▀[m[38;2;251;108;154m[48;2;255;104;148m▀[m[38;2;253;108;149m[48;2;230;170;190m▀[m[38;2;230;170;190m[48;2;230;170;190m▀[m[38;2;230;170;190m[48;2;230;170;190m▀[m[38;2;230;170;190m[48;2;230;170;190m▀[m[38;2;230;170;190m[48;2;230;170;190m▀[m[38;2;230;170;190m[48;2;230;170;190m▀[m[38;2;230;170;190m[48;2;230;170;190m▀[m[38;2;230;170;190m[48;2;230;170;190m▀[m[38;2;230;170;190m[48;2;230;170;190m▀[m[38;2;230;170;190m[48;2;230;170;190m▀[m[38;2;230;170;190m[48;2;230;170;190m▀[m[38;2;230;170;190m[48;2;230;170;190m▀[m[38;2;230;170;190m[48;2;230;170;190m▀[m[38;2;0;0;0m[48;2;230;170;190m▀[m[38;2;0;0;0m[48;2;0;0;0m▀[m[38;2;253;108;147m[48;2;250;110;147m▀[m[38;2;254;107;151m[48;2;254;107;151m▀[m[38;2;254;107;151m[48;2;254;107;151m▀[m[38;2;254;107;151m[48;2;254;107;151m▀[m[38;2;253;108;151m[48;2;255;106;151m▀[m[38;2;8;0;0m[48;2;255;183;206m▀[m[38;2;1;0;0m[48;2;255;187;208m▀[m[38;2;1;0;0m[48;2;255;187;208m▀[m[38;2;0;0;0m[48;2;255;187;208m▀[m[38;2;255;103;150m[48;2;255;187;208m▀[m[38;2;251;109;149m[48;2;255;187;208m▀[m[38;2;252;106;151m[48;2;253;188;208m▀[m[38;2;0;0;0m[48;2;0;0;0m▀[m[38;2;230;170;190m[48;2;230;170;190m▀[m[38;2;230;170;190m[48;2;230;170;190m▀[m[38;2;230;170;190m[48;2;230;170;190m▀[m[38;2;230;170;190m[48;2;230;170;190m▀[m[38;2;230;170;190m[48;2;230;170;190m▀[m[38;2;230;170;190m[48;2;230;170;190m▀[m[38;2;230;170;190m[48;2;230;170;190m▀[m[38;2;230;170;190m[48;2;230;170;190m▀[m
[38;2;0;0;0m[48;2;0;0;0m▀[m[38;2;21;0;0m[48;2;23;0;2m▀[m[38;2;242;103;142m[48;2;254;107;151m▀[m[38;2;250;107;151m[48;2;255;105;148m▀[m[38;2;230;170;190m[48;2;230;170;190m▀[m[38;2;230;170;190m[48;2;230;170;190m▀[m[38;2;230;170;190m[48;2;230;170;190m▀[m[38;2;230;170;190m[48;2;230;170;190m▀[m[38;2;230;170;190m[48;2;230;170;190m▀[m[38;2;230;170;190m[48;2;230;170;190m▀[m[38;2;230;170;190m[48;2;230;170;190m▀[m[38;2;230;170;190m[48;2;230;170;190m▀[m[38;2;230;170;190m[48;2;230;170;190m▀[m[38;2;230;170;190m[48;2;230;170;190m▀[m[38;2;230;170;190m[48;2;230;170;190m▀[m[38;2;0;0;0m[48;2;58;15;0m▀[m[38;2;0;0;0m[48;2;60;4;0m▀[m[38;2;1;1;1m[48;2;60;4;0m▀[m[38;2;250;107;150m[48;2;246;113;144m▀[m[38;2;253;100;146m[48;2;254;107;151m▀[m[38;2;242;111;151m[48;2;253;114;156m▀[m[38;2;158;57;89m[48;2;190;70;105m▀[m[38;2;254;107;151m[48;2;240;116;152m▀[m[38;2;255;106;151m[48;2;255;106;151m▀[m[38;2;255;183;206m[48;2;255;183;206m▀[m[38;2;255;187;208m[48;2;255;187;208m▀[m[38;2;255;187;208m[48;2;255;187;208m▀[m[38;2;255;187;208m[48;2;255;166;195m▀[m[38;2;247;110;154m[48;2;203;117;142m▀[m[38;2;47;1;12m[48;2;51;21;29m▀[m[38;2;5;1;0m[48;2;15;15;15m▀[m[38;2;230;170;190m[48;2;230;170;190m▀[m[38;2;230;170;190m[48;2;230;170;190m▀[m[38;2;230;170;190m[48;2;230;170;190m▀[m[38;2;230;170;190m[48;2;230;170;190m▀[m[38;2;230;170;190m[48;2;230;170;190m▀[m[38;2;230;170;190m[48;2;230;170;190m▀[m[38;2;230;170;190m[48;2;230;170;190m▀[m[38;2;230;170;190m[48;2;230;170;190m▀[m[38;2;230;170;190m[48;2;230;170;190m▀[m
[38;2;0;0;0m[48;2;0;0;0m▀[m[38;2;23;0;2m[48;2;23;0;2m▀[m[38;2;245;113;150m[48;2;251;110;152m▀[m[38;2;250;109;151m[48;2;230;170;190m▀[m[38;2;230;170;190m[48;2;230;170;190m▀[m[38;2;230;170;190m[48;2;230;170;190m▀[m[38;2;230;170;190m[48;2;230;170;190m▀[m[38;2;230;170;190m[48;2;230;170;190m▀[m[38;2;230;170;190m[48;2;230;170;190m▀[m[38;2;230;170;190m[48;2;230;170;190m▀[m[38;2;0;0;0m[48;2;0;0;0m▀[m[38;2;2;0;3m[48;2;3;0;0m▀[m[38;2;1;0;2m[48;2;20;119;187m▀[m[38;2;1;0;4m[48;2;20;119;187m▀[m[38;2;1;0;5m[48;2;71;66;73m▀[m[38;2;201;108;65m[48;2;56;110;157m▀[m[38;2;254;95;4m[48;2;23;118;184m▀[m[38;2;251;97;1m[48;2;177;64;0m▀[m[38;2;249;109;144m[48;2;255;94;3m▀[m[38;2;255;106;144m[48;2;250;189;207m▀[m[38;2;253;108;151m[48;2;255;187;208m▀[m[38;2;252;110;150m[48;2;255;187;208m▀[m[38;2;164;65;96m[48;2;255;187;210m▀[m[38;2;251;108;151m[48;2;162;66;94m▀[m[38;2;255;183;206m[48;2;162;66;94m▀[m[38;2;255;186;210m[48;2;162;66;94m▀[m[38;2;250;189;205m[48;2;162;66;94m▀[m[38;2;253;108;151m[48;2;162;66;94m▀[m[38;2;2;4;0m[48;2;176;63;0m▀[m[38;2;0;3;0m[48;2;240;100;25m▀[m[38;2;0;3;4m[48;2;250;97;3m▀[m[38;2;0;0;0m[48;2;0;0;0m▀[m[38;2;230;170;190m[48;2;230;170;190m▀[m[38;2;230;170;190m[48;2;230;170;190m▀[m[38;2;230;170;190m[48;2;230;170;190m▀[m[38;2;230;170;190m[48;2;230;170;190m▀[m[38;2;230;170;190m[48;2;230;170;190m▀[m[38;2;230;170;190m[48;2;230;170;190m▀[m[38;2;230;170;190m[48;2;230;170;190m▀[m[38;2;230;170;190m[48;2;230;170;190m▀[m
[38;2;0;0;0m[48;2;0;0;0m▀[m[38;2;23;0;2m[48;2;23;0;2m▀[m[38;2;255;108;150m[48;2;250;108;146m▀[m[38;2;230;170;190m[48;2;230;170;190m▀[m[38;2;230;170;190m[48;2;230;170;190m▀[m[38;2;230;170;190m[48;2;230;170;190m▀[m[38;2;230;170;190m[48;2;230;170;190m▀[m[38;2;230;170;190m[48;2;230;170;190m▀[m[38;2;230;170;190m[48;2;230;170;190m▀[m[38;2;230;170;190m[48;2;230;170;190m▀[m[38;2;0;0;0m[48;2;0;0;0m▀[m[38;2;3;0;0m[48;2;0;1;0m▀[m[38;2;20;119;187m[48;2;244;190;222m▀[m[38;2;20;119;187m[48;2;236;112;162m▀[m[38;2;18;120;195m[48;2;235;112;166m▀[m[38;2;31;70;103m[48;2;95;89;149m▀[m[38;2;72;64;75m[48;2;33;114;179m▀[m[38;2;25;117;184m[48;2;55;70;89m▀[m[38;2;184;61;2m[48;2;250;95;13m▀[m[38;2;255;89;0m[48;2;180;61;0m▀[m[38;2;215;106;50m[48;2;192;61;0m▀[m[38;2;20;116;192m[48;2;233;93;31m▀[m[38;2;16;118;192m[48;2;20;120;182m▀[m[38;2;253;188;208m[48;2;30;116;173m▀[m[38;2;253;188;208m[48;2;30;116;173m▀[m[38;2;252;184;205m[48;2;31;115;175m▀[m[38;2;251;101;146m[48;2;37;113;175m▀[m[38;2;253;188;208m[48;2;30;116;173m▀[m[38;2;253;93;0m[48;2;47;110;161m▀[m[38;2;185;51;0m[48;2;182;118;83m▀[m[38;2;172;65;9m[48;2;243;97;20m▀[m[38;2;0;0;0m[48;2;0;0;0m▀[m[38;2;230;170;190m[48;2;230;170;190m▀[m[38;2;230;170;190m[48;2;230;170;190m▀[m[38;2;230;170;190m[48;2;230;170;190m▀[m[38;2;230;170;190m[48;2;230;170;190m▀[m[38;2;230;170;190m[48;2;230;170;190m▀[m[38;2;230;170;190m[48;2;230;170;190m▀[m[38;2;230;170;190m[48;2;230;170;190m▀[m[38;2;230;170;190m[48;2;230;170;190m▀[m
[38;2;0;0;0m[48;2;0;0;0m▀[m[38;2;23;0;2m[48;2;23;0;2m▀[m[38;2;250;108;146m[48;2;254;109;150m▀[m[38;2;230;170;190m[48;2;230;170;190m▀[m[38;2;230;170;190m[48;2;230;170;190m▀[m[38;2;230;170;190m[48;2;230;170;190m▀[m[38;2;230;170;190m[48;2;230;170;190m▀[m[38;2;230;170;190m[48;2;230;170;190m▀[m[38;2;230;170;190m[48;2;230;170;190m▀[m[38;2;230;170;190m[48;2;0;0;0m▀[m[38;2;16;0;1m[48;2;144;75;94m▀[m[38;2;18;0;0m[48;2;162;66;94m▀[m[38;2;255;184;204m[48;2;162;66;94m▀[m[38;2;236;116;151m[48;2;255;186;208m▀[m[38;2;236;115;150m[48;2;255;187;208m▀[m[38;2;86;95;152m[48;2;71;103;152m▀[m[38;2;20;119;187m[48;2;21;118;186m▀[m[38;2;65;67;79m[48;2;65;67;79m▀[m[38;2;254;95;1m[48;2;253;96;1m▀[m[38;2;175;50;0m[48;2;255;95;1m▀[m[38;2;186;53;0m[48;2;255;95;1m▀[m[38;2;253;97;22m[48;2;255;95;1m▀[m[38;2;60;109;152m[48;2;253;96;0m▀[m[38;2;41;114;169m[48;2;67;67;79m▀[m[38;2;39;114;169m[48;2;67;67;79m▀[m[38;2;39;114;169m[48;2;67;67;79m▀[m[38;2;39;114;169m[48;2;67;67;79m▀[m[38;2;39;114;169m[48;2;67;67;79m▀[m[38;2;39;115;167m[48;2;67;67;79m▀[m[38;2;185;117;82m[48;2;206;110;50m▀[m[38;2;250;97;3m[48;2;250;97;3m▀[m[38;2;0;0;0m[48;2;0;0;0m▀[m[38;2;230;170;190m[48;2;230;170;190m▀[m[38;2;230;170;190m[48;2;230;170;190m▀[m[38;2;230;170;190m[48;2;230;170;190m▀[m[38;2;230;170;190m[48;2;230;170;190m▀[m[38;2;230;170;190m[48;2;230;170;190m▀[m[38;2;230;170;190m[48;2;230;170;190m▀[m[38;2;230;170;190m[48;2;230;170;190m▀[m[38;2;230;170;190m[48;2;230;170;190m▀[m
[38;2;0;0;0m[48;2;0;0;0m▀[m[38;2;23;0;2m[48;2;23;0;2m▀[m[38;2;247;108;149m[48;2;251;109;149m▀[m[38;2;230;170;190m[48;2;0;0;0m▀[m[38;2;230;170;190m[48;2;0;0;0m▀[m[38;2;230;170;190m[48;2;230;170;190m▀[m[38;2;230;170;190m[48;2;230;170;190m▀[m[38;2;230;170;190m[48;2;230;170;190m▀[m[38;2;230;170;190m[48;2;230;170;190m▀[m[38;2;1;1;1m[48;2;0;0;0m▀[m[38;2;237;115;152m[48;2;237;210;57m▀[m[38;2;253;108;151m[48;2;253;214;13m▀[m[38;2;162;66;94m[48;2;162;66;94m▀[m[38;2;255;186;208m[48;2;255;186;208m▀[m[38;2;255;187;208m[48;2;0;2;0m▀[m[38;2;26;0;1m[48;2;201;109;62m▀[m[38;2;1;1;3m[48;2;255;95;4m▀[m[38;2;255;91;0m[48;2;176;63;5m▀[m[38;2;178;65;0m[48;2;253;95;0m▀[m[38;2;255;92;3m[48;2;253;96;3m▀[m[38;2;255;95;1m[48;2;255;95;1m▀[m[38;2;255;95;1m[48;2;255;95;1m▀[m[38;2;247;98;4m[48;2;255;95;1m▀[m[38;2;255;95;0m[48;2;255;95;1m▀[m[38;2;71;65;70m[48;2;253;95;6m▀[m[38;2;67;67;79m[48;2;240;95;16m▀[m[38;2;67;67;79m[48;2;16;121;187m▀[m[38;2;67;67;79m[48;2;67;67;79m▀[m[38;2;67;67;79m[48;2;67;67;79m▀[m[38;2;206;110;50m[48;2;206;110;50m▀[m[38;2;250;97;3m[48;2;250;97;3m▀[m[38;2;0;0;0m[48;2;0;0;0m▀[m[38;2;230;170;190m[48;2;230;170;190m▀[m[38;2;230;170;190m[48;2;230;170;190m▀[m[38;2;230;170;190m[48;2;230;170;190m▀[m[38;2;230;170;190m[48;2;230;170;190m▀[m[38;2;230;170;190m[48;2;230;170;190m▀[m[38;2;230;170;190m[48;2;230;170;190m▀[m[38;2;230;170;190m[48;2;230;170;190m▀[m[38;2;230;170;190m[48;2;230;170;190m▀[m
[38;2;0;0;0m[48;2;0;0;0m▀[m[38;2;23;0;2m[48;2;23;0;2m▀[m[38;2;251;109;149m[48;2;251;109;149m▀[m[38;2;2;0;1m[48;2;3;0;0m▀[m[38;2;239;191;203m[48;2;255;187;208m▀[m[38;2;26;14;18m[48;2;6;0;0m▀[m[38;2;25;25;25m[48;2;0;0;0m▀[m[38;2;230;170;190m[48;2;230;170;190m▀[m[38;2;1;1;1m[48;2;0;0;0m▀[m[38;2;42;41;49m[48;2;39;38;54m▀[m[38;2;46;37;30m[48;2;40;39;53m▀[m[38;2;45;30;9m[48;2;39;39;47m▀[m[38;2;255;208;41m[48;2;253;212;8m▀[m[38;2;14;0;1m[48;2;4;0;0m▀[m[38;2;0;2;0m[48;2;0;0;0m▀[m[38;2;141;75;41m[48;2;136;75;44m▀[m[38;2;184;62;0m[48;2;171;65;3m▀[m[38;2;174;64;3m[48;2;171;65;3m▀[m[38;2;254;94;6m[48;2;254;95;4m▀[m[38;2;255;95;1m[48;2;255;95;1m▀[m[38;2;240;91;11m[48;2;247;98;18m▀[m[38;2;182;63;0m[48;2;174;66;2m▀[m[38;2;255;95;1m[48;2;255;95;1m▀[m[38;2;255;95;1m[48;2;255;95;1m▀[m[38;2;255;95;1m[48;2;255;95;1m▀[m[38;2;255;96;0m[48;2;255;95;1m▀[m[38;2;227;102;38m[48;2;253;95;6m▀[m[38;2;43;116;169m[48;2;25;117;180m▀[m[38;2;43;116;169m[48;2;25;117;180m▀[m[38;2;182;116;82m[48;2;176;119;90m▀[m[38;2;250;97;3m[48;2;248;99;7m▀[m[38;2;0;0;0m[48;2;0;0;0m▀[m[38;2;0;0;0m[48;2;0;0;0m▀[m[38;2;230;170;190m[48;2;230;170;190m▀[m[38;2;230;170;190m[48;2;230;170;190m▀[m[38;2;230;170;190m[48;2;230;170;190m▀[m[38;2;230;170;190m[48;2;230;170;190m▀[m[38;2;230;170;190m[48;2;230;170;190m▀[m[38;2;230;170;190m[48;2;230;170;190m▀[m[38;2;230;170;190m[48;2;230;170;190m▀[m
[38;2;0;0;0m[48;2;200;200;200m▀[m[38;2;23;0;2m[48;2;204;198;202m▀[m[38;2;249;109;154m[48;2;0;0;2m▀[m[38;2;255;102;153m[48;2;0;5;1m▀[m[38;2;0;1;0m[48;2;0;0;0m▀[m[38;2;246;189;206m[48;2;156;72;95m▀[m[38;2;246;189;206m[48;2;160;68;93m▀[m[38;2;0;0;0m[48;2;161;68;87m▀[m[38;2;40;39;55m[48;2;251;217;0m▀[m[38;2;40;39;53m[48;2;251;215;0m▀[m[38;2;40;39;53m[48;2;10;3;0m▀[m[38;2;41;40;54m[48;2;1;1;3m▀[m[38;2;0;2;0m[48;2;230;170;190m▀[m[38;2;230;170;190m[48;2;230;170;190m▀[m[38;2;230;170;190m[48;2;230;170;190m▀[m[38;2;1;0;0m[48;2;230;170;190m▀[m[38;2;4;0;3m[48;2;230;170;190m▀[m[38;2;2;0;3m[48;2;230;170;190m▀[m[38;2;251;97;0m[48;2;11;0;0m▀[m[38;2;255;95;1m[48;2;168;68;16m▀[m[38;2;255;94;0m[48;2;174;64;1m▀[m[38;2;251;96;3m[48;2;178;62;3m▀[m[38;2;177;63;1m[48;2;252;96;13m▀[m[38;2;255;95;1m[48;2;176;64;0m▀[m[38;2;255;95;1m[48;2;248;99;19m▀[m[38;2;255;95;1m[48;2;255;94;3m▀[m[38;2;255;94;3m[48;2;255;95;1m▀[m[38;2;253;97;0m[48;2;255;95;1m▀[m[38;2;253;96;0m[48;2;0;6;13m▀[m[38;2;66;3;0m[48;2;131;113;65m▀[m[38;2;11;0;3m[48;2;141;115;5m▀[m[38;2;143;118;0m[48;2;38;39;57m▀[m[38;2;0;1;0m[48;2;40;40;52m▀[m[38;2;230;170;190m[48;2;0;0;4m▀[m[38;2;230;170;190m[48;2;0;0;0m▀[m[38;2;230;170;190m[48;2;230;170;190m▀[m[38;2;230;170;190m[48;2;230;170;190m▀[m[38;2;230;170;190m[48;2;1;0;0m▀[m[38;2;230;170;190m[48;2;1;0;0m▀[m[38;2;230;170;190m[48;2;0;0;0m▀[m
[38;2;0;0;0m[48;2;0;0;0m▀[m[38;2;20;0;4m[48;2;15;0;5m▀[m[38;2;255;186;205m[48;2;232;199;210m▀[m[38;2;255;187;208m[48;2;230;199;207m▀[m[38;2;249;106;149m[48;2;254;107;151m▀[m[38;2;180;77;107m[48;2;168;63;94m▀[m[38;2;162;66;94m[48;2;164;65;94m▀[m[38;2;164;65;93m[48;2;177;55;92m▀[m[38;2;255;106;153m[48;2;223;124;155m▀[m[38;2;0;9;1m[48;2;1;3;0m▀[m[38;2;230;170;190m[48;2;230;170;190m▀[m[38;2;230;170;190m[48;2;230;170;190m▀[m[38;2;230;170;190m[48;2;230;170;190m▀[m[38;2;230;170;190m[48;2;230;170;190m▀[m[38;2;230;170;190m[48;2;230;170;190m▀[m[38;2;230;170;190m[48;2;230;170;190m▀[m[38;2;230;170;190m[48;2;230;170;190m▀[m[38;2;230;170;190m[48;2;230;170;190m▀[m[38;2;0;0;0m[48;2;0;0;0m▀[m[38;2;62;64;77m[48;2;66;68;80m▀[m[38;2;87;55;40m[48;2;76;58;56m▀[m[38;2;175;61;0m[48;2;135;75;47m▀[m[38;2;171;65;5m[48;2;174;65;0m▀[m[38;2;174;65;0m[48;2;174;65;0m▀[m[38;2;178;69;4m[48;2;174;65;0m▀[m[38;2;172;64;2m[48;2;178;68;7m▀[m[38;2;177;62;0m[48;2;135;75;47m▀[m[38;2;5;1;0m[48;2;0;0;0m▀[m[38;2;243;93;141m[48;2;212;134;156m▀[m[38;2;165;83;36m[48;2;156;115;93m▀[m[38;2;140;118;6m[48;2;121;114;68m▀[m[38;2;40;39;53m[48;2;38;37;45m▀[m[38;2;40;39;53m[48;2;67;44;0m▀[m[38;2;251;216;2m[48;2;254;212;16m▀[m[38;2;233;212;105m[48;2;215;182;69m▀[m[38;2;0;0;0m[48;2;26;0;4m▀[m[38;2;0;0;0m[48;2;37;0;6m▀[m[38;2;255;185;209m[48;2;255;184;204m▀[m[38;2;8;0;0m[48;2;3;0;0m▀[m[38;2;0;0;0m[48;2;0;0;0m▀[m
[38;2;2;2;2m[48;2;230;170;190m▀[m[38;2;0;0;0m[48;2;230;170;190m▀[m[38;2;2;2;2m[48;2;230;170;190m▀[m[38;2;1;0;0m[48;2;2;1;0m▀[m[38;2;253;103;148m[48;2;252;189;208m▀[m[38;2;172;67;97m[48;2;8;0;0m▀[m[38;2;163;58;89m[48;2;10;1;2m▀[m[38;2;251;105;142m[48;2;251;188;209m▀[m[38;2;252;189;208m[48;2;255;107;149m▀[m[38;2;6;8;5m[48;2;249;186;205m▀[m[38;2;230;170;190m[48;2;12;0;0m▀[m[38;2;230;170;190m[48;2;0;0;0m▀[m[38;2;230;170;190m[48;2;230;170;190m▀[m[38;2;230;170;190m[48;2;230;170;190m▀[m[38;2;230;170;190m[48;2;230;170;190m▀[m[38;2;230;170;190m[48;2;230;170;190m▀[m[38;2;230;170;190m[48;2;230;170;190m▀[m[38;2;0;0;0m[48;2;0;0;0m▀[m[38;2;2;2;2m[48;2;255;255;255m▀[m[38;2;68;68;78m[48;2;64;66;79m▀[m[38;2;67;67;79m[48;2;67;66;80m▀[m[38;2;72;75;84m[48;2;61;68;76m▀[m[38;2;176;64;0m[48;2;253;213;1m▀[m[38;2;176;64;0m[48;2;254;213;1m▀[m[38;2;177;63;0m[48;2;254;213;1m▀[m[38;2;168;76;11m[48;2;245;212;9m▀[m[38;2;67;67;79m[48;2;67;67;79m▀[m[38;2;0;0;0m[48;2;0;0;0m▀[m[38;2;0;0;0m[48;2;230;170;190m▀[m[38;2;0;0;0m[48;2;230;170;190m▀[m[38;2;0;0;0m[48;2;230;170;190m▀[m[38;2;3;3;3m[48;2;230;170;190m▀[m[38;2;255;208;9m[48;2;0;0;0m▀[m[38;2;255;211;4m[48;2;253;189;206m▀[m[38;2;252;201;84m[48;2;255;187;208m▀[m[38;2;255;187;208m[48;2;253;188;208m▀[m[38;2;161;62;91m[48;2;253;188;208m▀[m[38;2;162;66;93m[48;2;162;66;93m▀[m[38;2;9;4;1m[48;2;250;111;153m▀[m[38;2;2;1;0m[48;2;239;115;151m▀[m
[38;2;230;170;190m[48;2;230;170;190m▀[m[38;2;230;170;190m[48;2;230;170;190m▀[m[38;2;1;3;0m[48;2;10;10;10m▀[m[38;2;253;188;208m[48;2;5;1;0m▀[m[38;2;0;0;0m[48;2;230;170;190m▀[m[38;2;0;0;0m[48;2;0;0;0m▀[m[38;2;10;1;2m[48;2;10;1;2m▀[m[38;2;254;189;209m[48;2;254;189;209m▀[m[38;2;0;0;0m[48;2;0;0;0m▀[m[38;2;0;0;0m[48;2;230;170;190m▀[m[38;2;0;0;0m[48;2;230;170;190m▀[m[38;2;1;1;1m[48;2;230;170;190m▀[m[38;2;230;170;190m[48;2;230;170;190m▀[m[38;2;230;170;190m[48;2;230;170;190m▀[m[38;2;230;170;190m[48;2;230;170;190m▀[m[38;2;230;170;190m[48;2;0;0;0m▀[m[38;2;230;170;190m[48;2;2;2;2m▀[m[38;2;0;0;0m[48;2;255;255;255m▀[m[38;2;255;255;255m[48;2;126;125;139m▀[m[38;2;124;125;143m[48;2;254;255;255m▀[m[38;2;124;123;137m[48;2;255;255;255m▀[m[38;2;67;68;72m[48;2;248;249;243m▀[m[38;2;140;117;1m[48;2;130;129;145m▀[m[38;2;255;212;3m[48;2;255;255;248m▀[m[38;2;254;213;1m[48;2;71;70;68m▀[m[38;2;245;212;11m[48;2;73;65;63m▀[m[38;2;67;66;80m[48;2;252;252;252m▀[m[38;2;255;255;255m[48;2;255;255;255m▀[m[38;2;0;0;0m[48;2;0;0;0m▀[m[38;2;230;170;190m[48;2;230;170;190m▀[m[38;2;230;170;190m[48;2;230;170;190m▀[m[38;2;230;170;190m[48;2;230;170;190m▀[m[38;2;230;170;190m[48;2;230;170;190m▀[m[38;2;0;0;0m[48;2;230;170;190m▀[m[38;2;0;0;0m[48;2;230;170;190m▀[m[38;2;0;0;0m[48;2;230;170;190m▀[m[38;2;252;189;208m[48;2;3;1;2m▀[m[38;2;162;66;93m[48;2;254;189;209m▀[m[38;2;4;0;0m[48;2;253;196;213m▀[m[38;2;0;0;0m[48;2;243;192;207m▀[m
[38;2;230;170;190m[48;2;230;170;190m▀[m[38;2;230;170;190m[48;2;230;170;190m▀[m[38;2;0;0;0m[48;2;230;170;190m▀[m[38;2;0;0;0m[48;2;230;170;190m▀[m[38;2;230;170;190m[48;2;230;170;190m▀[m[38;2;0;0;0m[48;2;230;170;190m▀[m[38;2;16;5;9m[48;2;230;170;190m▀[m[38;2;245;197;209m[48;2;0;0;0m▀[m[38;2;0;0;0m[48;2;0;0;0m▀[m[38;2;230;170;190m[48;2;230;170;190m▀[m[38;2;230;170;190m[48;2;230;170;190m▀[m[38;2;230;170;190m[48;2;230;170;190m▀[m[38;2;230;170;190m[48;2;230;170;190m▀[m[38;2;230;170;190m[48;2;230;170;190m▀[m[38;2;230;170;190m[48;2;230;170;190m▀[m[38;2;4;4;4m[48;2;0;0;0m▀[m[38;2;0;0;0m[48;2;0;0;0m▀[m[38;2;254;254;254m[48;2;127;126;144m▀[m[38;2;128;126;137m[48;2;255;255;255m▀[m[38;2;246;246;248m[48;2;255;255;255m▀[m[38;2;255;255;255m[48;2;255;255;255m▀[m[38;2;255;255;255m[48;2;255;255;255m▀[m[38;2;127;126;140m[48;2;127;126;140m▀[m[38;2;255;255;255m[48;2;255;255;255m▀[m[38;2;67;67;75m[48;2;67;67;75m▀[m[38;2;66;69;76m[48;2;66;69;76m▀[m[38;2;255;255;255m[48;2;255;255;255m▀[m[38;2;255;255;255m[48;2;255;255;255m▀[m[38;2;0;0;0m[48;2;0;0;0m▀[m[38;2;230;170;190m[48;2;230;170;190m▀[m[38;2;228;170;190m[48;2;230;170;190m▀[m[38;2;230;170;190m[48;2;230;170;190m▀[m[38;2;230;170;190m[48;2;230;170;190m▀[m[38;2;230;170;190m[48;2;230;170;190m▀[m[38;2;230;170;190m[48;2;230;170;190m▀[m[38;2;230;170;190m[48;2;230;170;190m▀[m[38;2;0;0;0m[48;2;230;170;190m▀[m[38;2;243;197;208m[48;2;0;0;0m▀[m[38;2;245;199;212m[48;2;0;0;0m▀[m[38;2;238;202;212m[48;2;0;0;0m▀[m
[38;2;230;170;190m[48;2;230;170;190m▀[m[38;2;230;170;190m[48;2;230;170;190m▀[m[38;2;230;170;190m[48;2;230;170;190m▀[m[38;2;230;170;190m[48;2;230;170;190m▀[m[38;2;230;170;190m[48;2;230;170;190m▀[m[38;2;230;170;190m[48;2;230;170;190m▀[m[38;2;230;170;190m[48;2;230;170;190m▀[m[38;2;230;170;190m[48;2;230;170;190m▀[m[38;2;230;170;190m[48;2;230;170;190m▀[m[38;2;230;170;190m[48;2;230;170;190m▀[m[38;2;230;170;190m[48;2;230;170;190m▀[m[38;2;230;170;190m[48;2;230;170;190m▀[m[38;2;230;170;190m[48;2;230;170;190m▀[m[38;2;230;170;190m[48;2;230;170;190m▀[m[38;2;0;0;0m[48;2;0;0;0m▀[m[38;2;66;69;76m[48;2;66;69;76m▀[m[38;2;67;67;79m[48;2;67;67;79m▀[m[38;2;255;255;255m[48;2;255;255;255m▀[m[38;2;255;255;255m[48;2;255;255;255m▀[m[38;2;255;255;255m[48;2;255;255;255m▀[m[38;2;255;255;255m[48;2;255;255;255m▀[m[38;2;255;255;255m[48;2;255;255;255m▀[m[38;2;127;126;140m[48;2;127;126;140m▀[m[38;2;255;255;255m[48;2;255;255;255m▀[m[38;2;67;67;75m[48;2;67;67;75m▀[m[38;2;66;69;76m[48;2;66;69;76m▀[m[38;2;255;255;255m[48;2;255;255;255m▀[m[38;2;255;255;255m[48;2;255;255;255m▀[m[38;2;126;125;141m[48;2;126;125;141m▀[m[38;2;0;0;4m[48;2;0;0;4m▀[m[38;2;1;1;1m[48;2;0;0;0m▀[m[38;2;230;170;190m[48;2;230;170;190m▀[m[38;2;230;170;190m[48;2;230;170;190m▀[m[38;2;230;170;190m[48;2;230;170;190m▀[m[38;2;230;170;190m[48;2;230;170;190m▀[m[38;2;230;170;190m[48;2;230;170;190m▀[m[38;2;230;170;190m[48;2;230;170;190m▀[m[38;2;230;170;190m[48;2;230;170;190m▀[m[38;2;230;170;190m[48;2;230;170;190m▀[m[38;2;230;170;190m[48;2;230;170;190m▀[m
[38;2;230;170;190m[48;2;230;170;190m▀[m[38;2;230;170;190m[48;2;230;170;190m▀[m[38;2;230;170;190m[48;2;230;170;190m▀[m[38;2;230;170;190m[48;2;230;170;190m▀[m[38;2;230;170;190m[48;2;230;170;190m▀[m[38;2;230;170;190m[48;2;230;170;190m▀[m[38;2;230;170;190m[48;2;230;170;190m▀[m[38;2;230;170;190m[48;2;230;170;190m▀[m[38;2;230;170;190m[48;2;230;170;190m▀[m[38;2;230;170;190m[48;2;226;172;190m▀[m[38;2;230;170;190m[48;2;230;170;190m▀[m[38;2;230;170;190m[48;2;230;170;190m▀[m[38;2;230;170;190m[48;2;230;170;190m▀[m[38;2;0;0;0m[48;2;0;0;4m▀[m[38;2;255;255;255m[48;2;255;255;255m▀[m[38;2;124;124;132m[48;2;123;126;135m▀[m[38;2;127;126;140m[48;2;127;126;142m▀[m[38;2;255;255;255m[48;2;255;255;255m▀[m[38;2;255;255;255m[48;2;255;255;255m▀[m[38;2;255;255;255m[48;2;255;255;255m▀[m[38;2;255;255;255m[48;2;255;255;255m▀[m[38;2;255;255;255m[48;2;254;254;254m▀[m[38;2;127;126;140m[48;2;130;129;143m▀[m[38;2;127;126;144m[48;2;130;129;143m▀[m[38;2;70;70;82m[48;2;33;33;43m▀[m[38;2;66;69;76m[48;2;68;71;76m▀[m[38;2;255;255;255m[48;2;255;255;255m▀[m[38;2;255;255;255m[48;2;255;255;255m▀[m[38;2;126;125;141m[48;2;126;125;141m▀[m[38;2;0;0;7m[48;2;0;1;5m▀[m[38;2;1;1;1m[48;2;4;4;4m▀[m[38;2;230;170;190m[48;2;230;170;190m▀[m[38;2;230;170;190m[48;2;230;170;190m▀[m[38;2;230;170;190m[48;2;230;170;190m▀[m[38;2;230;170;190m[48;2;230;170;190m▀[m[38;2;230;170;190m[48;2;230;170;190m▀[m[38;2;230;170;190m[48;2;230;170;190m▀[m[38;2;230;170;190m[48;2;230;170;190m▀[m[38;2;230;170;190m[48;2;230;170;190m▀[m[38;2;230;170;190m[48;2;230;170;190m▀[m
[38;2;230;170;190m[48;2;230;170;190m▀[m[38;2;230;170;190m[48;2;230;170;190m▀[m[38;2;230;170;190m[48;2;230;170;190m▀[m[38;2;230;170;190m[48;2;230;170;190m▀[m[38;2;230;170;190m[48;2;230;170;190m▀[m[38;2;230;170;190m[48;2;230;170;190m▀[m[38;2;230;170;190m[48;2;230;170;190m▀[m[38;2;230;170;190m[48;2;230;170;190m▀[m[38;2;230;170;190m[48;2;230;170;190m▀[m[38;2;230;170;190m[48;2;230;170;190m▀[m[38;2;230;170;190m[48;2;0;0;0m▀[m[38;2;230;170;190m[48;2;0;1;3m▀[m[38;2;0;0;4m[48;2;127;126;144m▀[m[38;2;67;67;79m[48;2;67;67;79m▀[m[38;2;255;255;253m[48;2;255;255;253m▀[m[38;2;123;126;135m[48;2;123;126;135m▀[m[38;2;127;126;142m[48;2;127;126;142m▀[m[38;2;255;255;255m[48;2;255;255;255m▀[m[38;2;255;255;255m[48;2;255;255;255m▀[m[38;2;255;255;255m[48;2;255;255;255m▀[m[38;2;255;255;255m[48;2;254;255;255m▀[m[38;2;255;255;255m[48;2;128;127;143m▀[m[38;2;67;67;79m[48;2;67;67;79m▀[m[38;2;67;67;77m[48;2;255;255;255m▀[m[38;2;255;255;255m[48;2;129;129;141m▀[m[38;2;255;255;255m[48;2;127;129;141m▀[m[38;2;255;255;255m[48;2;255;255;255m▀[m[38;2;255;255;255m[48;2;255;255;255m▀[m[38;2;126;125;141m[48;2;126;125;141m▀[m[38;2;253;254;255m[48;2;253;254;255m▀[m[38;2;254;254;254m[48;2;254;254;254m▀[m[38;2;0;0;0m[48;2;0;0;0m▀[m[38;2;230;170;190m[48;2;230;170;190m▀[m[38;2;230;170;190m[48;2;230;170;190m▀[m[38;2;230;170;190m[48;2;230;170;190m▀[m[38;2;230;170;190m[48;2;230;170;190m▀[m[38;2;230;170;190m[48;2;230;170;190m▀[m[38;2;230;170;190m[48;2;230;170;190m▀[m[38;2;230;170;190m[48;2;230;170;190m▀[m[38;2;230;170;190m[48;2;230;170;190m▀[m
[38;2;230;170;190m[48;2;230;170;190m▀[m[38;2;230;170;190m[48;2;230;170;190m▀[m[38;2;230;170;190m[48;2;230;170;190m▀[m[38;2;230;170;190m[48;2;230;170;190m▀[m[38;2;230;170;190m[48;2;230;170;190m▀[m[38;2;230;170;190m[48;2;230;170;190m▀[m[38;2;230;170;190m[48;2;230;170;190m▀[m[38;2;230;170;190m[48;2;230;170;190m▀[m[38;2;230;170;190m[48;2;230;170;190m▀[m[38;2;1;1;1m[48;2;2;2;2m▀[m[38;2;128;126;137m[48;2;127;127;137m▀[m[38;2;128;127;141m[48;2;128;127;141m▀[m[38;2;67;67;79m[48;2;67;67;79m▀[m[38;2;67;67;79m[48;2;67;67;79m▀[m[38;2;255;255;253m[48;2;255;255;253m▀[m[38;2;123;126;135m[48;2;123;126;135m▀[m[38;2;127;126;142m[48;2;127;126;142m▀[m[38;2;255;255;255m[48;2;128;126;137m▀[m[38;2;255;255;255m[48;2;128;126;137m▀[m[38;2;128;125;144m[48;2;255;255;255m▀[m[38;2;128;127;133m[48;2;255;254;255m▀[m[38;2;254;255;253m[48;2;131;129;140m▀[m[38;2;67;67;75m[48;2;0;0;2m▀[m[38;2;127;126;144m[48;2;127;126;142m▀[m[38;2;252;252;254m[48;2;132;130;143m▀[m[38;2;253;253;253m[48;2;134;133;141m▀[m[38;2;128;126;140m[48;2;253;254;255m▀[m[38;2;255;255;255m[48;2;128;126;137m▀[m[38;2;126;125;141m[48;2;130;129;147m▀[m[38;2;253;254;255m[48;2;253;254;255m▀[m[38;2;255;255;255m[48;2;253;255;254m▀[m[38;2;67;67;79m[48;2;67;67;79m▀[m[38;2;0;0;0m[48;2;127;125;136m▀[m[38;2;230;170;190m[48;2;3;3;5m▀[m[38;2;230;170;190m[48;2;1;1;1m▀[m[38;2;230;170;190m[48;2;230;170;190m▀[m[38;2;230;170;190m[48;2;230;170;190m▀[m[38;2;230;170;190m[48;2;230;170;190m▀[m[38;2;230;170;190m[48;2;230;170;190m▀[m[38;2;230;170;190m[48;2;230;170;190m▀[m
[38;2;230;170;190m[48;2;230;170;190m▀[m[38;2;230;170;190m[48;2;230;170;190m▀[m[38;2;230;170;190m[48;2;230;170;190m▀[m[38;2;230;170;190m[48;2;230;170;190m▀[m[38;2;230;170;190m[48;2;230;170;190m▀[m[38;2;230;170;190m[48;2;230;170;190m▀[m[38;2;230;170;190m[48;2;230;170;190m▀[m[38;2;230;170;190m[48;2;230;170;190m▀[m[38;2;230;170;190m[48;2;230;170;190m▀[m[38;2;0;0;0m[48;2;1;1;1m▀[m[38;2;127;127;137m[48;2;127;127;137m▀[m[38;2;128;127;141m[48;2;128;127;141m▀[m[38;2;67;67;79m[48;2;67;67;79m▀[m[38;2;67;67;79m[48;2;67;67;79m▀[m[38;2;254;254;252m[48;2;127;126;142m▀[m[38;2;124;127;136m[48;2;127;126;144m▀[m[38;2;127;126;142m[48;2;127;126;142m▀[m[38;2;127;126;142m[48;2;127;126;142m▀[m[38;2;127;126;142m[48;2;255;255;253m▀[m[38;2;254;255;255m[48;2;67;67;79m▀[m[38;2;254;255;253m[48;2;67;67;79m▀[m[38;2;125;126;144m[48;2;0;0;0m▀[m[38;2;0;0;2m[48;2;0;0;2m▀[m[38;2;127;126;142m[48;2;67;67;79m▀[m[38;2;127;126;142m[48;2;67;67;79m▀[m[38;2;125;127;139m[48;2;67;67;79m▀[m[38;2;254;254;252m[48;2;67;67;79m▀[m[38;2;127;126;142m[48;2;127;126;142m▀[m[38;2;127;126;142m[48;2;127;126;142m▀[m[38;2;251;252;254m[48;2;127;126;142m▀[m[38;2;253;255;254m[48;2;128;126;147m▀[m[38;2;67;67;79m[48;2;67;67;79m▀[m[38;2;127;126;142m[48;2;127;126;142m▀[m[38;2;0;0;4m[48;2;0;0;2m▀[m[38;2;0;0;0m[48;2;0;0;0m▀[m[38;2;230;170;190m[48;2;230;170;190m▀[m[38;2;230;170;190m[48;2;230;170;190m▀[m[38;2;230;170;190m[48;2;230;170;190m▀[m[38;2;230;170;190m[48;2;230;170;190m▀[m[38;2;230;170;190m[48;2;230;170;190m▀[m
[38;2;230;170;190m[48;2;230;170;190m▀[m[38;2;230;170;190m[48;2;230;170;190m▀[m[38;2;230;170;190m[48;2;230;170;190m▀[m[38;2;230;170;190m[48;2;230;170;190m▀[m[38;2;230;170;190m[48;2;230;170;190m▀[m[38;2;230;170;190m[48;2;230;170;190m▀[m[38;2;230;170;190m[48;2;230;170;190m▀[m[38;2;230;170;190m[48;2;230;170;190m▀[m[38;2;230;170;190m[48;2;230;170;190m▀[m[38;2;0;0;0m[48;2;230;170;190m▀[m[38;2;127;127;137m[48;2;0;1;0m▀[m[38;2;128;127;141m[48;2;0;0;2m▀[m[38;2;67;67;79m[48;2;127;126;144m▀[m[38;2;67;67;79m[48;2;67;67;79m▀[m[38;2;67;67;79m[48;2;67;67;79m▀[m[38;2;67;67;79m[48;2;67;67;79m▀[m[38;2;67;67;79m[48;2;67;67;79m▀[m[38;2;67;67;79m[48;2;67;67;79m▀[m[38;2;67;67;79m[48;2;67;67;79m▀[m[38;2;67;67;79m[48;2;125;124;138m▀[m[38;2;67;67;79m[48;2;127;126;134m▀[m[38;2;0;0;0m[48;2;0;0;0m▀[m[38;2;0;0;4m[48;2;0;0;2m▀[m[38;2;127;126;142m[48;2;127;126;142m▀[m[38;2;67;67;79m[48;2;119;118;134m▀[m[38;2;67;67;79m[48;2;123;122;138m▀[m[38;2;67;67;79m[48;2;67;67;79m▀[m[38;2;67;67;79m[48;2;67;67;79m▀[m[38;2;67;67;79m[48;2;67;67;79m▀[m[38;2;67;67;79m[48;2;67;67;79m▀[m[38;2;67;67;79m[48;2;67;67;79m▀[m[38;2;67;67;79m[48;2;127;126;140m▀[m[38;2;127;126;142m[48;2;0;1;0m▀[m[38;2;0;0;4m[48;2;230;170;190m▀[m[38;2;0;0;0m[48;2;230;170;190m▀[m[38;2;230;170;190m[48;2;230;170;190m▀[m[38;2;230;170;190m[48;2;230;170;190m▀[m[38;2;230;170;190m[48;2;230;170;190m▀[m[38;2;230;170;190m[48;2;230;170;190m▀[m[38;2;230;170;190m[48;2;230;170;190m▀[m
[38;2;230;170;190m[48;2;230;170;190m▀[m[38;2;230;170;190m[48;2;230;170;190m▀[m[38;2;230;170;190m[48;2;230;170;190m▀[m[38;2;230;170;190m[48;2;230;170;190m▀[m[38;2;230;170;190m[48;2;230;170;190m▀[m[38;2;230;170;190m[48;2;230;170;190m▀[m[38;2;230;170;190m[48;2;230;170;190m▀[m[38;2;230;170;190m[48;2;230;170;190m▀[m[38;2;230;170;190m[48;2;230;170;190m▀[m[38;2;230;170;190m[48;2;230;170;190m▀[m[38;2;0;0;0m[48;2;0;0;0m▀[m[38;2;0;2;0m[48;2;0;7;10m▀[m[38;2;127;126;142m[48;2;126;128;140m▀[m[38;2;127;126;140m[48;2;132;124;137m▀[m[38;2;67;67;79m[48;2;67;67;79m▀[m[38;2;67;67;79m[48;2;67;67;79m▀[m[38;2;67;67;79m[48;2;67;67;79m▀[m[38;2;127;126;142m[48;2;126;123;140m▀[m[38;2;127;126;142m[48;2;126;123;142m▀[m[38;2;0;1;5m[48;2;4;3;8m▀[m[38;2;0;0;4m[48;2;11;11;11m▀[m[38;2;230;170;190m[48;2;230;170;190m▀[m[38;2;230;170;190m[48;2;230;170;190m▀[m[38;2;0;0;5m[48;2;3;3;3m▀[m[38;2;0;0;5m[48;2;4;4;4m▀[m[38;2;3;2;8m[48;2;1;1;1m▀[m[38;2;127;126;140m[48;2;126;124;138m▀[m[38;2;67;67;79m[48;2;67;67;79m▀[m[38;2;67;67;79m[48;2;67;67;79m▀[m[38;2;127;126;140m[48;2;120;119;133m▀[m[38;2;127;126;140m[48;2;124;123;139m▀[m[38;2;0;0;5m[48;2;0;0;0m▀[m[38;2;230;170;190m[48;2;230;170;190m▀[m[38;2;230;170;190m[48;2;230;170;190m▀[m[38;2;230;170;190m[48;2;230;170;190m▀[m[38;2;230;170;190m[48;2;230;170;190m▀[m[38;2;230;170;190m[48;2;230;170;190m▀[m[38;2;230;170;190m[48;2;230;170;190m▀[m[38;2;230;170;190m[48;2;230;170;190m▀[m[38;2;230;170;190m[48;2;230;170;190m▀[m
[38;2;230;170;190m[48;2;230;170;190m▀[m[38;2;230;170;190m[48;2;230;170;190m▀[m[38;2;230;170;190m[48;2;230;170;190m▀[m[38;2;230;170;190m[48;2;230;170;190m▀[m[38;2;230;170;190m[48;2;230;170;190m▀[m[38;2;230;170;190m[48;2;230;170;190m▀[m[38;2;230;170;190m[48;2;230;170;190m▀[m[38;2;230;170;190m[48;2;230;170;190m▀[m[38;2;230;170;190m[48;2;230;170;190m▀[m[38;2;230;170;190m[48;2;230;170;190m▀[m[38;2;0;0;0m[48;2;0;0;0m▀[m[38;2;0;1;4m[48;2;1;1;3m▀[m[38;2;254;212;3m[48;2;40;39;53m▀[m[38;2;129;125;140m[48;2;247;218;0m▀[m[38;2;128;125;144m[48;2;251;213;4m▀[m[38;2;125;126;147m[48;2;32;16;0m▀[m[38;2;127;126;142m[48;2;0;0;0m▀[m[38;2;0;0;4m[48;2;230;170;190m▀[m[38;2;0;0;0m[48;2;230;170;190m▀[m[38;2;230;170;190m[48;2;230;170;190m▀[m[38;2;230;170;190m[48;2;230;170;190m▀[m[38;2;230;170;190m[48;2;230;170;190m▀[m[38;2;230;170;190m[48;2;230;170;190m▀[m[38;2;230;170;190m[48;2;230;170;190m▀[m[38;2;230;170;190m[48;2;230;170;190m▀[m[38;2;230;170;190m[48;2;230;170;190m▀[m[38;2;1;0;5m[48;2;0;0;0m▀[m[38;2;127;125;147m[48;2;139;118;1m▀[m[38;2;127;125;146m[48;2;139;119;0m▀[m[38;2;68;67;85m[48;2;138;120;0m▀[m[38;2;66;68;80m[48;2;137;116;7m▀[m[38;2;0;0;0m[48;2;0;0;0m▀[m[38;2;230;170;190m[48;2;230;170;190m▀[m[38;2;230;170;190m[48;2;230;170;190m▀[m[38;2;230;170;190m[48;2;230;170;190m▀[m[38;2;230;170;190m[48;2;230;170;190m▀[m[38;2;230;170;190m[48;2;230;170;190m▀[m[38;2;230;170;190m[48;2;230;170;190m▀[m[38;2;230;170;190m[48;2;230;170;190m▀[m[38;2;230;170;190m[48;2;230;170;190m▀[m
[38;2;230;170;190m[48;2;230;170;190m▀[m[38;2;230;170;190m[48;2;230;170;190m▀[m[38;2;230;170;190m[48;2;230;170;190m▀[m[38;2;230;170;190m[48;2;230;170;190m▀[m[38;2;230;170;190m[48;2;230;170;190m▀[m[38;2;230;170;190m[48;2;230;170;190m▀[m[38;2;230;170;190m[48;2;230;170;190m▀[m[38;2;230;170;190m[48;2;230;170;190m▀[m[38;2;230;170;190m[48;2;230;170;190m▀[m[38;2;230;170;190m[48;2;230;170;190m▀[m[38;2;0;0;0m[48;2;0;0;0m▀[m[38;2;1;1;3m[48;2;1;1;3m▀[m[38;2;40;39;53m[48;2;40;39;53m▀[m[38;2;39;37;58m[48;2;40;39;53m▀[m[38;2;0;0;4m[48;2;0;0;2m▀[m[38;2;230;170;190m[48;2;230;170;190m▀[m[38;2;230;170;190m[48;2;230;170;190m▀[m[38;2;230;170;190m[48;2;230;170;190m▀[m[38;2;230;170;190m[48;2;230;170;190m▀[m[38;2;230;170;190m[48;2;230;170;190m▀[m[38;2;230;170;190m[48;2;230;170;190m▀[m[38;2;230;170;190m[48;2;230;170;190m▀[m[38;2;230;170;190m[48;2;230;170;190m▀[m[38;2;230;170;190m[48;2;230;170;190m▀[m[38;2;230;170;190m[48;2;230;170;190m▀[m[38;2;230;170;190m[48;2;230;170;190m▀[m[38;2;230;170;190m[48;2;230;170;190m▀[m[38;2;3;0;0m[48;2;0;0;0m▀[m[38;2;43;40;49m[48;2;38;37;53m▀[m[38;2;41;38;57m[48;2;40;39;53m▀[m[38;2;40;38;49m[48;2;40;39;53m▀[m[38;2;0;0;0m[48;2;0;0;0m▀[m[38;2;230;170;190m[48;2;230;170;190m▀[m[38;2;230;170;190m[48;2;230;170;190m▀[m[38;2;230;170;190m[48;2;230;170;190m▀[m[38;2;230;170;190m[48;2;230;170;190m▀[m[38;2;230;170;190m[48;2;230;170;190m▀[m[38;2;230;170;190m[48;2;230;170;190m▀[m[38;2;230;170;190m[48;2;230;170;190m▀[m[38;2;230;170;190m[48;2;230;170;190m▀[m
[38;2;230;170;190m[48;2;230;170;190m▀[m[38;2;230;170;190m[48;2;230;170;190m▀[m[38;2;230;170;190m[48;2;230;170;190m▀[m[38;2;230;170;190m[48;2;230;170;190m▀[m[38;2;230;170;190m[48;2;230;170;190m▀[m[38;2;230;170;190m[48;2;230;170;190m▀[m[38;2;230;170;190m[48;2;230;170;190m▀[m[38;2;230;170;190m[48;2;230;170;190m▀[m[38;2;230;170;190m[48;2;230;170;190m▀[m[38;2;0;0;0m[48;2;1;1;1m▀[m[38;2;0;0;4m[48;2;241;209;46m▀[m[38;2;0;0;8m[48;2;249;215;6m▀[m[38;2;40;39;53m[48;2;41;38;59m▀[m[38;2;40;39;53m[48;2;0;0;0m▀[m[38;2;0;0;4m[48;2;230;170;190m▀[m[38;2;230;170;190m[48;2;230;170;190m▀[m[38;2;230;170;190m[48;2;230;170;190m▀[m[38;2;230;170;190m[48;2;230;170;190m▀[m[38;2;230;170;190m[48;2;230;170;190m▀[m[38;2;230;170;190m[48;2;230;170;190m▀[m[38;2;230;170;190m[48;2;230;170;190m▀[m[38;2;230;170;190m[48;2;230;170;190m▀[m[38;2;230;170;190m[48;2;230;170;190m▀[m[38;2;230;170;190m[48;2;230;170;190m▀[m[38;2;230;170;190m[48;2;230;170;190m▀[m[38;2;230;170;190m[48;2;230;170;190m▀[m[38;2;230;170;190m[48;2;230;170;190m▀[m[38;2;0;0;0m[48;2;230;170;190m▀[m[38;2;38;37;51m[48;2;0;0;0m▀[m[38;2;38;40;55m[48;2;128;114;69m▀[m[38;2;39;43;46m[48;2;143;116;3m▀[m[38;2;0;0;2m[48;2;142;117;1m▀[m[38;2;230;170;190m[48;2;0;1;0m▀[m[38;2;230;170;190m[48;2;230;170;190m▀[m[38;2;230;170;190m[48;2;230;170;190m▀[m[38;2;230;170;190m[48;2;230;170;190m▀[m[38;2;230;170;190m[48;2;230;170;190m▀[m[38;2;230;170;190m[48;2;230;170;190m▀[m[38;2;230;170;190m[48;2;230;170;190m▀[m[38;2;230;170;190m[48;2;230;170;190m▀[m
[38;2;230;170;190m[48;2;230;170;190m▀[m[38;2;230;170;190m[48;2;230;170;190m▀[m[38;2;230;170;190m[48;2;230;170;190m▀[m[38;2;230;170;190m[48;2;230;170;190m▀[m[38;2;230;170;190m[48;2;230;170;190m▀[m[38;2;230;170;190m[48;2;230;170;190m▀[m[38;2;230;170;190m[48;2;230;170;190m▀[m[38;2;230;170;190m[48;2;230;170;190m▀[m[38;2;230;170;190m[48;2;0;0;0m▀[m[38;2;0;0;0m[48;2;121;84;32m▀[m[38;2;115;86;52m[48;2;122;87;33m▀[m[38;2;127;87;36m[48;2;123;89;43m▀[m[38;2;255;210;10m[48;2;1;0;0m▀[m[38;2;2;2;0m[48;2;226;174;190m▀[m[38;2;230;170;190m[48;2;230;170;190m▀[m[38;2;230;170;190m[48;2;230;170;190m▀[m[38;2;230;170;190m[48;2;230;170;190m▀[m[38;2;230;170;190m[48;2;230;170;190m▀[m[38;2;230;170;190m[48;2;230;170;190m▀[m[38;2;230;170;190m[48;2;230;170;190m▀[m[38;2;230;170;190m[48;2;230;170;190m▀[m[38;2;230;170;190m[48;2;230;170;190m▀[m[38;2;230;170;190m[48;2;230;170;190m▀[m[38;2;230;170;190m[48;2;230;170;190m▀[m[38;2;230;170;190m[48;2;230;170;190m▀[m[38;2;230;170;190m[48;2;230;170;190m▀[m[38;2;230;170;190m[48;2;230;170;190m▀[m[38;2;230;170;190m[48;2;230;170;190m▀[m[38;2;3;3;3m[48;2;0;0;0m▀[m[38;2;59;44;37m[48;2;58;45;37m▀[m[38;2;65;45;21m[48;2;62;45;19m▀[m[38;2;64;44;20m[48;2;62;45;19m▀[m[38;2;64;44;17m[48;2;62;45;19m▀[m[38;2;2;0;3m[48;2;62;44;24m▀[m[38;2;0;0;0m[48;2;52;44;33m▀[m[38;2;230;170;190m[48;2;0;0;0m▀[m[38;2;230;170;190m[48;2;230;170;190m▀[m[38;2;230;170;190m[48;2;230;170;190m▀[m[38;2;230;170;190m[48;2;230;170;190m▀[m[38;2;230;170;190m[48;2;230;170;190m▀[m
[m[38;2;230;170;190m▀[m[m[38;2;224;172;190m▀[m[m[38;2;230;170;190m▀[m[m[38;2;230;170;190m▀[m[m[38;2;230;170;190m▀[m[m[38;2;230;170;190m▀[m[m[38;2;230;170;190m▀[m[m[38;2;230;170;190m▀[m[m[38;2;0;0;0m▀[m[m[38;2;124;85;26m▀[m[m[38;2;123;86;31m▀[m[m[38;2;122;86;34m▀[m[m[38;2;0;0;0m▀[m[m[38;2;230;170;190m▀[m[m[38;2;230;170;190m▀[m[m[38;2;230;170;190m▀[m[m[38;2;230;170;190m▀[m[m[38;2;230;170;190m▀[m[m[38;2;230;170;190m▀[m[m[38;2;230;170;190m▀[m[m[38;2;230;170;190m▀[m[m[38;2;228;170;190m▀[m[m[38;2;230;170;190m▀[m[m[38;2;230;170;190m▀[m[m[38;2;230;170;190m▀[m[m[38;2;230;170;190m▀[m[m[38;2;230;170;190m▀[m[m[38;2;230;170;190m▀[m[m[38;2;14;14;14m▀[m[m[38;2;51;44;34m▀[m[m[38;2;61;50;32m▀[m[m[38;2;56;48;29m▀[m[m[38;2;55;44;26m▀[m[m[38;2;59;48;30m▀[m[m[38;2;53;46;36m▀[m[m[38;2;1;1;1m▀[m[m[38;2;230;170;190m▀[m[m[38;2;230;170;190m▀[m[m[38;2;230;170;190m▀[m[m[38;2;230;170;190m▀[m
