[38;2;20;20;20m[48;2;20;20;20m▀[m[38;2;20;20;20m[48;2;20;20;20m▀[m[38;2;20;20;20m[48;2;20;20;20m▀[m[38;2;1;1;1m[48;2;0;0;0m▀[m[38;2;1;1;1m[48;2;0;0;0m▀[m[38;2;1;1;1m[48;2;0;0;0m▀[m[38;2;20;20;20m[48;2;20;20;20m▀[m[38;2;20;20;20m[48;2;20;20;20m▀[m[38;2;20;20;20m[48;2;20;20;20m▀[m[38;2;20;20;20m[48;2;20;20;20m▀[m[38;2;20;20;20m[48;2;20;20;20m▀[m[38;2;20;20;20m[48;2;20;20;20m▀[m[38;2;20;20;20m[48;2;20;20;20m▀[m[38;2;20;20;20m[48;2;20;20;20m▀[m[38;2;20;20;20m[48;2;20;20;20m▀[m[38;2;20;20;20m[48;2;20;20;20m▀[m[38;2;20;20;20m[48;2;20;20;20m▀[m[38;2;20;20;20m[48;2;20;20;20m▀[m[38;2;20;20;20m[48;2;20;20;20m▀[m[38;2;20;20;20m[48;2;20;20;20m▀[m[38;2;20;20;20m[48;2;20;20;20m▀[m[38;2;20;20;20m[48;2;20;20;20m▀[m[38;2;20;20;20m[48;2;20;20;20m▀[m[38;2;20;20;20m[48;2;20;20;20m▀[m[38;2;20;20;20m[48;2;20;20;20m▀[m[38;2;20;20;20m[48;2;20;20;20m▀[m[38;2;20;20;20m[48;2;20;20;20m▀[m[38;2;20;20;20m[48;2;20;20;20m▀[m[38;2;20;20;20m[48;2;20;20;20m▀[m[38;2;20;20;20m[48;2;20;20;20m▀[m[38;2;1;1;1m[48;2;0;0;0m▀[m[38;2;1;1;1m[48;2;0;0;0m▀[m[38;2;1;1;1m[48;2;0;0;0m▀[m[38;2;1;1;1m[48;2;0;0;0m▀[m[38;2;20;20;20m[48;2;20;20;20m▀[m[38;2;20;20;20m[48;2;20;20;20m▀[m[38;2;20;20;20m[48;2;20;20;20m▀[m[38;2;20;20;20m[48;2;20;20;20m▀[m[38;2;20;20;20m[48;2;20;20;20m▀[m[38;2;20;20;20m[48;2;20;20;20m▀[m
[38;2;20;20;20m[48;2;20;20;20m▀[m[38;2;20;20;20m[48;2;20;20;20m▀[m[38;2;20;20;20m[48;2;20;20;20m▀[m[38;2;0;0;0m[48;2;0;0;0m▀[m[38;2;0;0;0m[48;2;0;0;0m▀[m[38;2;176;193;122m[48;2;176;193;122m▀[m[38;2;2;2;2m[48;2;2;2;2m▀[m[38;2;4;4;4m[48;2;4;4;4m▀[m[38;2;20;20;20m[48;2;20;20;20m▀[m[38;2;20;20;20m[48;2;20;20;20m▀[m[38;2;20;20;20m[48;2;20;20;20m▀[m[38;2;20;20;20m[48;2;20;20;20m▀[m[38;2;20;20;20m[48;2;20;20;20m▀[m[38;2;20;20;20m[48;2;20;20;20m▀[m[38;2;20;20;20m[48;2;20;20;20m▀[m[38;2;20;20;20m[48;2;20;20;20m▀[m[38;2;20;20;20m[48;2;20;20;20m▀[m[38;2;20;20;20m[48;2;20;20;20m▀[m[38;2;20;20;20m[48;2;20;20;20m▀[m[38;2;20;20;20m[48;2;20;20;20m▀[m[38;2;20;20;20m[48;2;20;20;20m▀[m[38;2;20;20;20m[48;2;20;20;20m▀[m[38;2;20;20;20m[48;2;20;20;20m▀[m[38;2;20;20;20m[48;2;20;20;20m▀[m[38;2;20;20;20m[48;2;20;20;20m▀[m[38;2;20;20;20m[48;2;20;20;20m▀[m[38;2;20;20;20m[48;2;20;20;20m▀[m[38;2;20;20;20m[48;2;20;20;20m▀[m[38;2;20;20;20m[48;2;20;20;20m▀[m[38;2;20;20;20m[48;2;1;1;1m▀[m[38;2;0;0;0m[48;2;45;45;45m▀[m[38;2;0;0;0m[48;2;45;45;45m▀[m[38;2;0;0;0m[48;2;5;5;5m▀[m[38;2;0;0;0m[48;2;0;0;0m▀[m[38;2;20;20;20m[48;2;20;20;20m▀[m[38;2;20;20;20m[48;2;20;20;20m▀[m[38;2;20;20;20m[48;2;20;20;20m▀[m[38;2;20;20;20m[48;2;20;20;20m▀[m[38;2;20;20;20m[48;2;20;20;20m▀[m[38;2;20;20;20m[48;2;20;20;20m▀[m
[38;2;20;20;20m[48;2;20;20;20m▀[m[38;2;20;20;20m[48;2;20;20;20m▀[m[38;2;20;20;20m[48;2;1;0;2m▀[m[38;2;0;5;0m[48;2;42;71;25m▀[m[38;2;2;4;0m[48;2;29;82;2m▀[m[38;2;172;194;121m[48;2;26;76;5m▀[m[38;2;5;13;0m[48;2;162;190;113m▀[m[38;2;0;4;0m[48;2;177;191;142m▀[m[38;2;20;20;20m[48;2;2;0;14m▀[m[38;2;20;20;20m[48;2;20;20;20m▀[m[38;2;20;20;20m[48;2;20;20;20m▀[m[38;2;20;20;20m[48;2;20;20;20m▀[m[38;2;20;20;20m[48;2;20;20;20m▀[m[38;2;20;20;20m[48;2;20;20;20m▀[m[38;2;20;20;20m[48;2;20;20;20m▀[m[38;2;20;20;20m[48;2;20;20;20m▀[m[38;2;20;20;20m[48;2;20;20;20m▀[m[38;2;20;20;20m[48;2;20;20;20m▀[m[38;2;20;20;20m[48;2;20;20;20m▀[m[38;2;20;20;20m[48;2;20;20;20m▀[m[38;2;20;20;20m[48;2;20;20;20m▀[m[38;2;20;20;20m[48;2;20;20;20m▀[m[38;2;20;20;20m[48;2;20;20;20m▀[m[38;2;20;20;20m[48;2;20;20;20m▀[m[38;2;20;20;20m[48;2;20;20;20m▀[m[38;2;20;20;20m[48;2;20;20;20m▀[m[38;2;20;20;20m[48;2;20;20;20m▀[m[38;2;20;20;20m[48;2;20;20;20m▀[m[38;2;20;20;20m[48;2;20;20;20m▀[m[38;2;0;0;0m[48;2;0;0;0m▀[m[38;2;41;41;39m[48;2;40;39;45m▀[m[38;2;41;41;39m[48;2;40;39;44m▀[m[38;2;0;0;2m[48;2;4;4;2m▀[m[38;2;0;0;0m[48;2;0;0;0m▀[m[38;2;20;20;20m[48;2;20;20;20m▀[m[38;2;20;20;20m[48;2;20;20;20m▀[m[38;2;20;20;20m[48;2;20;20;20m▀[m[38;2;20;20;20m[48;2;20;20;20m▀[m[38;2;20;20;20m[48;2;20;20;20m▀[m[38;2;20;20;20m[48;2;20;20;20m▀[m
[38;2;20;20;20m[48;2;20;20;20m▀[m[38;2;20;20;20m[48;2;20;20;20m▀[m[38;2;1;0;2m[48;2;0;0;2m▀[m[38;2;40;74;23m[48;2;95;126;66m▀[m[38;2;30;83;5m[48;2;88;134;44m▀[m[38;2;178;201;123m[48;2;174;190;115m▀[m[38;2;175;196;119m[48;2;174;196;121m▀[m[38;2;183;196;140m[48;2;162;177;118m▀[m[38;2;0;0;0m[48;2;182;192;158m▀[m[38;2;20;20;20m[48;2;1;1;1m▀[m[38;2;20;20;20m[48;2;11;11;11m▀[m[38;2;20;20;20m[48;2;20;20;20m▀[m[38;2;20;20;20m[48;2;20;20;20m▀[m[38;2;20;20;20m[48;2;20;20;20m▀[m[38;2;20;20;20m[48;2;20;20;20m▀[m[38;2;20;20;20m[48;2;20;20;20m▀[m[38;2;20;20;20m[48;2;20;20;20m▀[m[38;2;20;20;20m[48;2;20;20;20m▀[m[38;2;20;20;20m[48;2;20;20;20m▀[m[38;2;20;20;20m[48;2;20;20;20m▀[m[38;2;20;20;20m[48;2;20;20;20m▀[m[38;2;20;20;20m[48;2;20;20;20m▀[m[38;2;20;20;20m[48;2;20;20;20m▀[m[38;2;20;20;20m[48;2;20;20;20m▀[m[38;2;20;20;20m[48;2;20;20;20m▀[m[38;2;20;20;20m[48;2;20;20;20m▀[m[38;2;20;20;20m[48;2;20;20;20m▀[m[38;2;3;3;3m[48;2;3;3;3m▀[m[38;2;0;0;0m[48;2;0;0;0m▀[m[38;2;41;41;41m[48;2;41;41;41m▀[m[38;2;0;0;2m[48;2;0;0;2m▀[m[38;2;0;2;0m[48;2;0;2;0m▀[m[38;2;182;194;130m[48;2;180;196;123m▀[m[38;2;1;3;0m[48;2;0;4;0m▀[m[38;2;20;20;20m[48;2;20;20;20m▀[m[38;2;20;20;20m[48;2;20;20;20m▀[m[38;2;20;20;20m[48;2;20;20;20m▀[m[38;2;20;20;20m[48;2;20;20;20m▀[m[38;2;20;20;20m[48;2;20;20;20m▀[m[38;2;20;20;20m[48;2;20;20;20m▀[m
[38;2;20;20;20m[48;2;20;20;20m▀[m[38;2;20;20;20m[48;2;20;20;20m▀[m[38;2;0;1;2m[48;2;0;0;2m▀[m[38;2;97;126;59m[48;2;97;128;52m▀[m[38;2;93;134;30m[48;2;89;136;32m▀[m[38;2;176;193;113m[48;2;90;138;38m▀[m[38;2;174;196;123m[48;2;179;202;120m▀[m[38;2;174;196;124m[48;2;180;203;131m▀[m[38;2;176;196;124m[48;2;43;89;16m▀[m[38;2;0;0;0m[48;2;176;193;123m▀[m[38;2;0;0;0m[48;2;177;184;153m▀[m[38;2;20;20;20m[48;2;0;1;0m▀[m[38;2;20;20;20m[48;2;20;20;20m▀[m[38;2;20;20;20m[48;2;20;20;20m▀[m[38;2;20;20;20m[48;2;20;20;20m▀[m[38;2;20;20;20m[48;2;20;20;20m▀[m[38;2;20;20;20m[48;2;20;20;20m▀[m[38;2;20;20;20m[48;2;20;20;20m▀[m[38;2;20;20;20m[48;2;20;20;20m▀[m[38;2;20;20;20m[48;2;20;20;20m▀[m[38;2;20;20;20m[48;2;20;20;20m▀[m[38;2;20;20;20m[48;2;20;20;20m▀[m[38;2;20;20;20m[48;2;20;20;20m▀[m[38;2;20;20;20m[48;2;20;20;20m▀[m[38;2;20;20;20m[48;2;20;20;20m▀[m[38;2;20;20;20m[48;2;20;20;20m▀[m[38;2;20;20;20m[48;2;10;10;10m▀[m[38;2;3;3;3m[48;2;36;36;36m▀[m[38;2;0;0;0m[48;2;39;39;39m▀[m[38;2;41;41;41m[48;2;41;41;41m▀[m[38;2;0;0;2m[48;2;0;0;2m▀[m[38;2;0;2;0m[48;2;0;2;0m▀[m[38;2;180;196;123m[48;2;179;197;123m▀[m[38;2;0;4;0m[48;2;0;4;0m▀[m[38;2;20;20;20m[48;2;20;20;20m▀[m[38;2;20;20;20m[48;2;20;20;20m▀[m[38;2;20;20;20m[48;2;20;20;20m▀[m[38;2;20;20;20m[48;2;20;20;20m▀[m[38;2;20;20;20m[48;2;20;20;20m▀[m[38;2;20;20;20m[48;2;20;20;20m▀[m
[38;2;20;20;20m[48;2;20;20;20m▀[m[38;2;20;20;20m[48;2;20;20;20m▀[m[38;2;0;0;2m[48;2;0;0;4m▀[m[38;2;97;128;52m[48;2;96;128;55m▀[m[38;2;89;136;34m[48;2;90;135;32m▀[m[38;2;23;81;0m[48;2;29;84;0m▀[m[38;2;174;204;130m[48;2;166;194;117m▀[m[38;2;172;195;115m[48;2;176;196;124m▀[m[38;2;166;190;116m[48;2;166;194;119m▀[m[38;2;177;195;119m[48;2;178;195;117m▀[m[38;2;181;188;155m[48;2;160;173;120m▀[m[38;2;0;0;0m[48;2;0;5;0m▀[m[38;2;20;20;20m[48;2;20;20;20m▀[m[38;2;20;20;20m[48;2;20;20;20m▀[m[38;2;20;20;20m[48;2;20;20;20m▀[m[38;2;20;20;20m[48;2;20;20;20m▀[m[38;2;20;20;20m[48;2;20;20;20m▀[m[38;2;20;20;20m[48;2;20;20;20m▀[m[38;2;20;20;20m[48;2;20;20;20m▀[m[38;2;20;20;20m[48;2;20;20;20m▀[m[38;2;20;20;20m[48;2;20;20;20m▀[m[38;2;20;20;20m[48;2;20;20;20m▀[m[38;2;20;20;20m[48;2;20;20;20m▀[m[38;2;20;20;20m[48;2;20;20;20m▀[m[38;2;20;20;20m[48;2;20;20;20m▀[m[38;2;20;20;20m[48;2;20;20;20m▀[m[38;2;6;6;6m[48;2;2;2;2m▀[m[38;2;42;42;42m[48;2;42;42;42m▀[m[38;2;41;41;41m[48;2;41;41;41m▀[m[38;2;41;41;41m[48;2;41;41;41m▀[m[38;2;4;0;2m[48;2;5;0;3m▀[m[38;2;0;8;0m[48;2;0;9;0m▀[m[38;2;47;99;14m[48;2;40;84;5m▀[m[38;2;0;4;0m[48;2;0;12;0m▀[m[38;2;20;20;20m[48;2;20;20;20m▀[m[38;2;20;20;20m[48;2;20;20;20m▀[m[38;2;20;20;20m[48;2;20;20;20m▀[m[38;2;20;20;20m[48;2;20;20;20m▀[m[38;2;20;20;20m[48;2;20;20;20m▀[m[38;2;20;20;20m[48;2;20;20;20m▀[m
[38;2;20;20;20m[48;2;20;20;20m▀[m[38;2;20;20;20m[48;2;4;5;9m▀[m[38;2;0;6;6m[48;2;28;82;7m▀[m[38;2;93;130;53m[48;2;85;135;46m▀[m[38;2;89;137;28m[48;2;88;136;34m▀[m[38;2;86;138;30m[48;2;88;137;32m▀[m[38;2;181;204;124m[48;2;88;137;32m▀[m[38;2;167;198;122m[48;2;93;133;37m▀[m[38;2;25;83;0m[48;2;177;195;121m▀[m[38;2;178;193;128m[48;2;177;195;121m▀[m[38;2;178;193;126m[48;2;178;194;121m▀[m[38;2;178;193;126m[48;2;178;194;123m▀[m[38;2;0;0;5m[48;2;178;194;123m▀[m[38;2;20;20;20m[48;2;2;7;0m▀[m[38;2;20;20;20m[48;2;4;4;6m▀[m[38;2;20;20;20m[48;2;20;20;20m▀[m[38;2;20;20;20m[48;2;20;20;20m▀[m[38;2;20;20;20m[48;2;20;20;20m▀[m[38;2;20;20;20m[48;2;20;20;20m▀[m[38;2;20;20;20m[48;2;20;20;20m▀[m[38;2;20;20;20m[48;2;20;20;20m▀[m[38;2;20;20;20m[48;2;20;20;20m▀[m[38;2;20;20;20m[48;2;20;20;20m▀[m[38;2;20;20;20m[48;2;20;20;20m▀[m[38;2;20;20;20m[48;2;20;20;20m▀[m[38;2;0;0;0m[48;2;0;0;0m▀[m[38;2;4;4;4m[48;2;40;40;40m▀[m[38;2;41;41;41m[48;2;41;41;41m▀[m[38;2;41;41;41m[48;2;44;44;44m▀[m[38;2;38;38;38m[48;2;0;0;0m▀[m[38;2;0;1;3m[48;2;92;129;59m▀[m[38;2;0;4;0m[48;2;96;132;36m▀[m[38;2;170;182;116m[48;2;176;191;124m▀[m[38;2;177;196;117m[48;2;178;194;119m▀[m[38;2;0;8;0m[48;2;0;2;0m▀[m[38;2;6;6;6m[48;2;7;7;7m▀[m[38;2;20;20;20m[48;2;20;20;20m▀[m[38;2;20;20;20m[48;2;20;20;20m▀[m[38;2;20;20;20m[48;2;20;20;20m▀[m[38;2;20;20;20m[48;2;20;20;20m▀[m
[38;2;20;20;20m[48;2;20;20;20m▀[m[38;2;4;5;9m[48;2;0;1;5m▀[m[38;2;32;82;0m[48;2;90;135;34m▀[m[38;2;86;136;39m[48;2;89;136;32m▀[m[38;2;88;137;32m[48;2;88;137;30m▀[m[38;2;88;137;32m[48;2;88;137;32m▀[m[38;2;88;137;32m[48;2;88;137;32m▀[m[38;2;93;133;37m[48;2;93;133;37m▀[m[38;2;177;195;121m[48;2;177;195;121m▀[m[38;2;177;195;121m[48;2;178;194;121m▀[m[38;2;171;198;121m[48;2;164;201;121m▀[m[38;2;168;199;121m[48;2;30;82;0m▀[m[38;2;175;195;123m[48;2;170;192;128m▀[m[38;2;4;12;0m[48;2;180;194;119m▀[m[38;2;4;7;0m[48;2;181;189;138m▀[m[38;2;20;20;20m[48;2;2;0;13m▀[m[38;2;20;20;20m[48;2;20;20;20m▀[m[38;2;20;20;20m[48;2;20;20;20m▀[m[38;2;20;20;20m[48;2;20;20;20m▀[m[38;2;20;20;20m[48;2;20;20;20m▀[m[38;2;20;20;20m[48;2;20;20;20m▀[m[38;2;20;20;20m[48;2;20;20;20m▀[m[38;2;20;20;20m[48;2;20;20;20m▀[m[38;2;20;20;20m[48;2;0;0;0m▀[m[38;2;20;20;20m[48;2;0;0;0m▀[m[38;2;0;0;0m[48;2;44;44;44m▀[m[38;2;40;40;40m[48;2;41;41;41m▀[m[38;2;41;41;41m[48;2;41;41;41m▀[m[38;2;44;44;44m[48;2;44;44;44m▀[m[38;2;0;0;0m[48;2;0;0;0m▀[m[38;2;92;129;59m[48;2;92;129;59m▀[m[38;2;90;134;36m[48;2;83;138;36m▀[m[38;2;164;198;124m[48;2;27;82;1m▀[m[38;2;175;196;119m[48;2;170;197;118m▀[m[38;2;0;2;0m[48;2;0;2;0m▀[m[38;2;7;7;7m[48;2;7;7;7m▀[m[38;2;20;20;20m[48;2;20;20;20m▀[m[38;2;20;20;20m[48;2;20;20;20m▀[m[38;2;20;20;20m[48;2;20;20;20m▀[m[38;2;20;20;20m[48;2;20;20;20m▀[m
[38;2;20;20;20m[48;2;20;20;20m▀[m[38;2;0;1;5m[48;2;0;1;5m▀[m[38;2;88;136;34m[48;2;88;136;34m▀[m[38;2;88;137;32m[48;2;88;137;32m▀[m[38;2;86;137;34m[48;2;88;137;32m▀[m[38;2;30;85;2m[48;2;83;133;36m▀[m[38;2;27;86;6m[48;2;31;83;0m▀[m[38;2;34;84;0m[48;2;32;86;0m▀[m[38;2;87;133;35m[48;2;82;134;34m▀[m[38;2;174;196;121m[48;2;178;194;121m▀[m[38;2;173;195;120m[48;2;178;194;121m▀[m[38;2;175;197;122m[48;2;175;196;121m▀[m[38;2;171;189;115m[48;2;34;82;0m▀[m[38;2;178;194;121m[48;2;169;200;122m▀[m[38;2;178;190;142m[48;2;166;185;119m▀[m[38;2;3;0;11m[48;2;177;189;143m▀[m[38;2;20;20;20m[48;2;4;4;4m▀[m[38;2;20;20;20m[48;2;4;4;4m▀[m[38;2;20;20;20m[48;2;4;4;4m▀[m[38;2;20;20;20m[48;2;4;4;4m▀[m[38;2;20;20;20m[48;2;4;4;4m▀[m[38;2;20;20;20m[48;2;4;4;4m▀[m[38;2;20;20;20m[48;2;1;1;1m▀[m[38;2;0;0;0m[48;2;0;0;0m▀[m[38;2;0;0;0m[48;2;0;0;0m▀[m[38;2;44;44;44m[48;2;44;44;44m▀[m[38;2;41;41;41m[48;2;41;41;41m▀[m[38;2;41;41;41m[48;2;41;41;41m▀[m[38;2;44;44;44m[48;2;44;44;44m▀[m[38;2;0;0;0m[48;2;0;0;0m▀[m[38;2;97;127;53m[48;2;42;78;17m▀[m[38;2;90;133;41m[48;2;38;83;2m▀[m[38;2;169;185;112m[48;2;181;193;119m▀[m[38;2;168;187;108m[48;2;177;196;117m▀[m[38;2;2;6;0m[48;2;2;6;0m▀[m[38;2;7;7;7m[48;2;7;7;7m▀[m[38;2;20;20;20m[48;2;20;20;20m▀[m[38;2;20;20;20m[48;2;20;20;20m▀[m[38;2;20;20;20m[48;2;20;20;20m▀[m[38;2;20;20;20m[48;2;20;20;20m▀[m
[38;2;20;20;20m[48;2;20;20;20m▀[m[38;2;0;1;5m[48;2;0;0;4m▀[m[38;2;88;136;37m[48;2;89;131;19m▀[m[38;2;84;133;41m[48;2;34;85;0m▀[m[38;2;83;134;41m[48;2;30;84;8m▀[m[38;2;80;133;27m[48;2;86;139;33m▀[m[38;2;32;83;0m[48;2;85;138;32m▀[m[38;2;33;82;0m[48;2;90;135;32m▀[m[38;2;85;133;31m[48;2;84;136;36m▀[m[38;2;178;193;124m[48;2;180;199;118m▀[m[38;2;183;209;135m[48;2;169;208;129m▀[m[38;2;159;193;116m[48;2;9;66;0m▀[m[38;2;29;82;0m[48;2;21;87;0m▀[m[38;2;170;196;123m[48;2;160;201;123m▀[m[38;2;177;194;123m[48;2;177;194;123m▀[m[38;2;176;195;114m[48;2;179;198;117m▀[m[38;2;1;0;0m[48;2;0;9;1m▀[m[38;2;0;0;0m[48;2;82;83;88m▀[m[38;2;0;1;0m[48;2;84;80;94m▀[m[38;2;0;0;0m[48;2;80;80;80m▀[m[38;2;8;8;8m[48;2;83;83;83m▀[m[38;2;0;0;0m[48;2;31;31;31m▀[m[38;2;0;0;0m[48;2;29;29;29m▀[m[38;2;0;0;0m[48;2;28;28;28m▀[m[38;2;0;0;0m[48;2;28;28;28m▀[m[38;2;40;40;40m[48;2;4;4;4m▀[m[38;2;43;43;43m[48;2;43;43;43m▀[m[38;2;41;41;41m[48;2;40;40;40m▀[m[38;2;44;44;44m[48;2;42;42;42m▀[m[38;2;0;0;0m[48;2;0;0;0m▀[m[38;2;38;78;15m[48;2;94;124;50m▀[m[38;2;37;82;0m[48;2;92;128;38m▀[m[38;2;179;196;118m[48;2;183;196;126m▀[m[38;2;166;198;123m[48;2;30;85;2m▀[m[38;2;18;28;3m[48;2;0;14;0m▀[m[38;2;7;7;7m[48;2;6;6;6m▀[m[38;2;20;20;20m[48;2;20;20;20m▀[m[38;2;20;20;20m[48;2;20;20;20m▀[m[38;2;20;20;20m[48;2;20;20;20m▀[m[38;2;20;20;20m[48;2;20;20;20m▀[m
[38;2;20;20;20m[48;2;20;20;20m▀[m[38;2;20;20;20m[48;2;20;20;20m▀[m[38;2;0;1;2m[48;2;0;0;2m▀[m[38;2;97;126;59m[48;2;95;126;66m▀[m[38;2;93;134;28m[48;2;86;135;43m▀[m[38;2;88;136;34m[48;2;87;135;35m▀[m[38;2;88;137;32m[48;2;88;137;32m▀[m[38;2;89;136;34m[48;2;89;140;39m▀[m[38;2;89;137;28m[48;2;88;137;48m▀[m[38;2;89;136;30m[48;2;89;136;30m▀[m[38;2;97;133;43m[48;2;97;133;43m▀[m[38;2;179;195;124m[48;2;179;195;124m▀[m[38;2;177;195;121m[48;2;177;195;121m▀[m[38;2;177;195;121m[48;2;177;195;121m▀[m[38;2;178;194;119m[48;2;161;185;109m▀[m[38;2;178;194;121m[48;2;167;205;128m▀[m[38;2;22;86;0m[48;2;42;79;1m▀[m[38;2;0;13;0m[48;2;0;13;0m▀[m[38;2;5;0;1m[48;2;2;7;0m▀[m[38;2;63;62;67m[48;2;57;57;59m▀[m[38;2;64;64;62m[48;2;42;42;40m▀[m[38;2;65;65;65m[48;2;65;65;65m▀[m[38;2;103;103;103m[48;2;106;106;106m▀[m[38;2;115;115;115m[48;2;112;112;112m▀[m[38;2;115;115;115m[48;2;112;112;112m▀[m[38;2;132;132;132m[48;2;138;138;138m▀[m[38;2;3;3;3m[48;2;0;0;0m▀[m[38;2;0;0;0m[48;2;0;0;0m▀[m[38;2;1;1;0m[48;2;0;0;0m▀[m[38;2;5;0;5m[48;2;0;17;0m▀[m[38;2;181;190;137m[48;2;163;200;133m▀[m[38;2;178;194;123m[48;2;168;199;123m▀[m[38;2;177;195;121m[48;2;185;206;131m▀[m[38;2;25;83;0m[48;2;41;78;1m▀[m[38;2;0;15;0m[48;2;0;7;0m▀[m[38;2;6;6;6m[48;2;6;6;6m▀[m[38;2;20;20;20m[48;2;20;20;20m▀[m[38;2;20;20;20m[48;2;20;20;20m▀[m[38;2;20;20;20m[48;2;20;20;20m▀[m[38;2;20;20;20m[48;2;20;20;20m▀[m
[38;2;20;20;20m[48;2;20;20;20m▀[m[38;2;20;20;20m[48;2;20;20;20m▀[m[38;2;1;0;2m[48;2;0;0;2m▀[m[38;2;40;75;17m[48;2;96;130;54m▀[m[38;2;31;83;0m[48;2;90;137;31m▀[m[38;2;94;142;42m[48;2;87;138;33m▀[m[38;2;88;137;32m[48;2;86;138;27m▀[m[38;2;84;138;40m[48;2;86;138;28m▀[m[38;2;35;83;7m[48;2;87;138;35m▀[m[38;2;89;137;28m[48;2;89;136;32m▀[m[38;2;97;134;41m[48;2;87;134;30m▀[m[38;2;178;196;122m[48;2;89;137;38m▀[m[38;2;174;196;121m[48;2;22;88;0m▀[m[38;2;178;194;119m[48;2;165;201;129m▀[m[38;2;170;201;125m[48;2;191;204;132m▀[m[38;2;30;85;2m[48;2;171;187;114m▀[m[38;2;179;191;127m[48;2;177;195;121m▀[m[38;2;179;195;122m[48;2;177;195;121m▀[m[38;2;176;199;111m[48;2;177;195;121m▀[m[38;2;3;4;0m[48;2;0;3;2m▀[m[38;2;2;2;0m[48;2;1;0;0m▀[m[38;2;67;67;67m[48;2;99;99;99m▀[m[38;2;68;68;68m[48;2;67;67;67m▀[m[38;2;105;105;105m[48;2;63;63;63m▀[m[38;2;105;105;105m[48;2;63;63;63m▀[m[38;2;115;115;115m[48;2;173;173;173m▀[m[38;2;62;62;62m[48;2;62;62;62m▀[m[38;2;4;4;4m[48;2;5;5;5m▀[m[38;2;0;0;4m[48;2;1;1;3m▀[m[38;2;92;135;43m[48;2;86;136;39m▀[m[38;2;28;84;0m[48;2;175;198;120m▀[m[38;2;37;78;0m[48;2;179;195;122m▀[m[38;2;174;196;121m[48;2;179;192;120m▀[m[38;2;175;192;124m[48;2;175;195;123m▀[m[38;2;11;15;0m[48;2;0;4;0m▀[m[38;2;6;6;6m[48;2;6;6;6m▀[m[38;2;20;20;20m[48;2;20;20;20m▀[m[38;2;20;20;20m[48;2;20;20;20m▀[m[38;2;20;20;20m[48;2;20;20;20m▀[m[38;2;20;20;20m[48;2;20;20;20m▀[m
[38;2;20;20;20m[48;2;20;20;20m▀[m[38;2;20;20;20m[48;2;20;20;20m▀[m[38;2;0;0;4m[48;2;1;0;0m▀[m[38;2;95;129;55m[48;2;102;117;84m▀[m[38;2;88;137;32m[48;2;94;124;72m▀[m[38;2;33;82;1m[48;2;21;84;5m▀[m[38;2;86;137;42m[48;2;87;132;39m▀[m[38;2;86;137;34m[48;2;88;137;30m▀[m[38;2;92;143;40m[48;2;87;135;35m▀[m[38;2;31;85;7m[48;2;36;81;0m▀[m[38;2;35;86;0m[48;2;53;91;4m▀[m[38;2;85;132;26m[48;2;97;132;40m▀[m[38;2;83;136;28m[48;2;82;133;41m▀[m[38;2;174;203;121m[48;2;155;194;105m▀[m[38;2;177;195;121m[48;2;163;198;106m▀[m[38;2;185;203;129m[48;2;175;208;121m▀[m[38;2;29;81;0m[48;2;43;76;5m▀[m[38;2;168;199;121m[48;2;164;195;115m▀[m[38;2;180;193;121m[48;2;166;196;108m▀[m[38;2;177;196;132m[48;2;174;198;112m▀[m[38;2;184;191;157m[48;2;179;187;150m▀[m[38;2;10;10;10m[48;2;3;3;0m▀[m[38;2;142;142;142m[48;2;147;147;149m▀[m[38;2;65;65;65m[48;2;64;64;66m▀[m[38;2;65;65;65m[48;2;64;64;64m▀[m[38;2;141;141;141m[48;2;135;135;135m▀[m[38;2;106;106;106m[48;2;108;108;106m▀[m[38;2;3;3;3m[48;2;1;0;0m▀[m[38;2;1;1;3m[48;2;0;1;0m▀[m[38;2;86;136;39m[48;2;93;131;46m▀[m[38;2;174;197;119m[48;2;171;198;119m▀[m[38;2;166;201;121m[48;2;168;199;123m▀[m[38;2;31;83;0m[48;2;47;88;12m▀[m[38;2;0;7;0m[48;2;0;7;0m▀[m[38;2;20;20;20m[48;2;20;20;20m▀[m[38;2;20;20;20m[48;2;20;20;20m▀[m[38;2;20;20;20m[48;2;20;20;20m▀[m[38;2;20;20;20m[48;2;20;20;20m▀[m[38;2;20;20;20m[48;2;20;20;20m▀[m[38;2;20;20;20m[48;2;20;20;20m▀[m
[38;2;20;20;20m[48;2;20;20;20m▀[m[38;2;20;20;20m[48;2;20;20;20m▀[m[38;2;20;20;20m[48;2;20;20;20m▀[m[38;2;2;0;5m[48;2;0;0;0m▀[m[38;2;1;1;3m[48;2;0;0;0m▀[m[38;2;29;86;0m[48;2;88;136;37m▀[m[38;2;94;140;52m[48;2;90;134;36m▀[m[38;2;97;144;42m[48;2;89;136;34m▀[m[38;2;99;134;42m[48;2;174;196;123m▀[m[38;2;178;194;119m[48;2;174;196;121m▀[m[38;2;178;194;121m[48;2;175;196;121m▀[m[38;2;174;196;123m[48;2;177;195;121m▀[m[38;2;36;84;10m[48;2;175;196;119m▀[m[38;2;85;134;42m[48;2;174;196;123m▀[m[38;2;92;134;34m[48;2;177;195;121m▀[m[38;2;98;138;42m[48;2;171;198;121m▀[m[38;2;178;200;128m[48;2;29;82;2m▀[m[38;2;96;130;44m[48;2;167;199;123m▀[m[38;2;89;135;37m[48;2;174;196;121m▀[m[38;2;181;212;134m[48;2;96;133;37m▀[m[38;2;173;190;146m[48;2;90;135;30m▀[m[38;2;0;4;0m[48;2;96;135;54m▀[m[38;2;93;93;93m[48;2;0;0;5m▀[m[38;2;62;62;60m[48;2;4;0;5m▀[m[38;2;62;62;62m[48;2;1;1;3m▀[m[38;2;117;117;117m[48;2;30;36;22m▀[m[38;2;131;128;137m[48;2;6;0;0m▀[m[38;2;0;8;0m[48;2;92;123;53m▀[m[38;2;0;10;6m[48;2;90;135;34m▀[m[38;2;90;133;41m[48;2;90;135;34m▀[m[38;2;170;200;114m[48;2;90;135;30m▀[m[38;2;174;197;119m[48;2;85;136;41m▀[m[38;2;176;197;122m[48;2;27;82;0m▀[m[38;2;3;5;0m[48;2;0;3;2m▀[m[38;2;20;20;20m[48;2;20;20;20m▀[m[38;2;20;20;20m[48;2;20;20;20m▀[m[38;2;20;20;20m[48;2;20;20;20m▀[m[38;2;20;20;20m[48;2;20;20;20m▀[m[38;2;20;20;20m[48;2;20;20;20m▀[m[38;2;20;20;20m[48;2;20;20;20m▀[m
[38;2;20;20;20m[48;2;20;20;20m▀[m[38;2;20;20;20m[48;2;20;20;20m▀[m[38;2;20;20;20m[48;2;20;20;20m▀[m[38;2;0;0;0m[48;2;0;1;0m▀[m[38;2;0;1;0m[48;2;0;4;0m▀[m[38;2;85;137;37m[48;2;82;139;34m▀[m[38;2;38;84;0m[48;2;36;83;3m▀[m[38;2;35;86;0m[48;2;36;83;2m▀[m[38;2;95;131;43m[48;2;89;136;30m▀[m[38;2;96;131;41m[48;2;97;129;46m▀[m[38;2;92;131;48m[48;2;92;130;55m▀[m[38;2;40;79;0m[48;2;37;78;10m▀[m[38;2;90;131;39m[48;2;88;130;44m▀[m[38;2;172;196;118m[48;2;172;196;120m▀[m[38;2;173;199;126m[48;2;170;201;125m▀[m[38;2;35;79;0m[48;2;29;83;0m▀[m[38;2;29;82;2m[48;2;32;81;0m▀[m[38;2;167;199;123m[48;2;166;201;121m▀[m[38;2;174;196;121m[48;2;171;198;119m▀[m[38;2;173;198;114m[48;2;170;198;121m▀[m[38;2;171;199;112m[48;2;173;197;123m▀[m[38;2;173;197;121m[48;2;175;196;121m▀[m[38;2;177;189;149m[48;2;173;196;124m▀[m[38;2;42;71;25m[48;2;30;81;4m▀[m[38;2;47;66;36m[48;2;42;72;20m▀[m[38;2;0;1;0m[48;2;6;0;9m▀[m[38;2;96;122;59m[48;2;82;135;27m▀[m[38;2;167;197;127m[48;2;166;197;130m▀[m[38;2;170;200;114m[48;2;171;198;117m▀[m[38;2;170;200;114m[48;2;174;197;117m▀[m[38;2;36;80;0m[48;2;37;78;0m▀[m[38;2;30;82;0m[48;2;33;80;2m▀[m[38;2;29;82;2m[48;2;33;80;2m▀[m[38;2;0;3;2m[48;2;0;6;0m▀[m[38;2;20;20;20m[48;2;20;20;20m▀[m[38;2;20;20;20m[48;2;20;20;20m▀[m[38;2;20;20;20m[48;2;20;20;20m▀[m[38;2;20;20;20m[48;2;20;20;20m▀[m[38;2;20;20;20m[48;2;20;20;20m▀[m[38;2;20;20;20m[48;2;20;20;20m▀[m
[38;2;20;20;20m[48;2;20;20;20m▀[m[38;2;20;20;20m[48;2;20;20;20m▀[m[38;2;3;1;4m[48;2;20;20;20m▀[m[38;2;38;72;22m[48;2;0;4;0m▀[m[38;2;25;83;0m[48;2;0;4;0m▀[m[38;2;91;144;28m[48;2;0;4;0m▀[m[38;2;90;140;41m[48;2;0;4;0m▀[m[38;2;93;140;34m[48;2;1;3;0m▀[m[38;2;91;143;35m[48;2;0;10;0m▀[m[38;2;0;2;0m[48;2;207;177;107m▀[m[38;2;0;1;0m[48;2;209;176;107m▀[m[38;2;0;0;2m[48;2;207;176;111m▀[m[38;2;1;5;8m[48;2;209;176;125m▀[m[38;2;93;121;60m[48;2;10;0;0m▀[m[38;2;97;148;47m[48;2;0;2;2m▀[m[38;2;90;138;38m[48;2;0;2;2m▀[m[38;2;88;140;39m[48;2;0;1;2m▀[m[38;2;87;139;38m[48;2;0;1;2m▀[m[38;2;87;139;38m[48;2;0;1;2m▀[m[38;2;41;95;9m[48;2;0;9;0m▀[m[38;2;30;84;6m[48;2;0;7;0m▀[m[38;2;28;83;0m[48;2;0;10;0m▀[m[38;2;91;147;40m[48;2;0;4;0m▀[m[38;2;88;140;30m[48;2;0;4;0m▀[m[38;2;95;132;55m[48;2;0;6;0m▀[m[38;2;6;3;12m[48;2;201;198;227m▀[m[38;2;79;136;29m[48;2;0;17;0m▀[m[38;2;27;82;0m[48;2;0;2;0m▀[m[38;2;29;87;3m[48;2;0;4;0m▀[m[38;2;170;198;121m[48;2;3;5;0m▀[m[38;2;178;197;118m[48;2;2;5;0m▀[m[38;2;178;197;116m[48;2;2;4;1m▀[m[38;2;178;197;116m[48;2;2;4;1m▀[m[38;2;176;199;111m[48;2;0;5;0m▀[m[38;2;8;14;0m[48;2;20;20;20m▀[m[38;2;7;7;7m[48;2;20;20;20m▀[m[38;2;20;20;20m[48;2;20;20;20m▀[m[38;2;20;20;20m[48;2;20;20;20m▀[m[38;2;20;20;20m[48;2;20;20;20m▀[m[38;2;20;20;20m[48;2;20;20;20m▀[m
[38;2;20;20;20m[48;2;20;20;20m▀[m[38;2;20;20;20m[48;2;20;20;20m▀[m[38;2;20;20;20m[48;2;20;20;20m▀[m[38;2;2;2;2m[48;2;20;20;20m▀[m[38;2;2;2;2m[48;2;20;20;20m▀[m[38;2;1;0;7m[48;2;1;0;4m▀[m[38;2;6;0;0m[48;2;232;217;158m▀[m[38;2;15;0;0m[48;2;237;217;131m▀[m[38;2;19;16;7m[48;2;246;220;125m▀[m[38;2;203;172;126m[48;2;1;0;6m▀[m[38;2;226;190;130m[48;2;21;3;0m▀[m[38;2;219;179;109m[48;2;216;172;99m▀[m[38;2;221;171;102m[48;2;214;176;95m▀[m[38;2;37;6;14m[48;2;120;47;102m▀[m[38;2;2;0;5m[48;2;119;40;131m▀[m[38;2;2;0;5m[48;2;116;37;128m▀[m[38;2;11;0;16m[48;2;122;36;135m▀[m[38;2;2;2;4m[48;2;27;0;34m▀[m[38;2;1;3;0m[48;2;0;2;3m▀[m[38;2;0;0;0m[48;2;5;6;1m▀[m[38;2;7;7;9m[48;2;0;0;11m▀[m[38;2;0;2;9m[48;2;189;191;214m▀[m[38;2;0;2;9m[48;2;189;191;214m▀[m[38;2;0;2;7m[48;2;189;191;212m▀[m[38;2;0;1;14m[48;2;189;191;212m▀[m[38;2;195;195;219m[48;2;188;190;213m▀[m[38;2;11;11;21m[48;2;235;233;254m▀[m[38;2;0;1;6m[48;2;233;232;248m▀[m[38;2;5;4;12m[48;2;217;215;228m▀[m[38;2;0;0;2m[48;2;0;0;5m▀[m[38;2;13;1;15m[48;2;106;49;118m▀[m[38;2;16;0;20m[48;2;109;48;118m▀[m[38;2;11;6;13m[48;2;7;6;4m▀[m[38;2;0;0;0m[48;2;20;20;20m▀[m[38;2;20;20;20m[48;2;20;20;20m▀[m[38;2;20;20;20m[48;2;20;20;20m▀[m[38;2;20;20;20m[48;2;20;20;20m▀[m[38;2;20;20;20m[48;2;20;20;20m▀[m[38;2;20;20;20m[48;2;20;20;20m▀[m[38;2;20;20;20m[48;2;20;20;20m▀[m
[38;2;20;20;20m[48;2;20;20;20m▀[m[38;2;20;20;20m[48;2;20;20;20m▀[m[38;2;20;20;20m[48;2;20;20;20m▀[m[38;2;20;20;20m[48;2;20;20;20m▀[m[38;2;20;20;20m[48;2;20;20;20m▀[m[38;2;0;0;0m[48;2;0;0;0m▀[m[38;2;0;0;0m[48;2;0;0;0m▀[m[38;2;10;0;1m[48;2;8;0;0m▀[m[38;2;244;223;134m[48;2;243;214;136m▀[m[38;2;0;1;6m[48;2;206;176;112m▀[m[38;2;17;5;0m[48;2;212;174;112m▀[m[38;2;216;173;94m[48;2;219;172;104m▀[m[38;2;213;175;102m[48;2;213;175;102m▀[m[38;2;115;46;90m[48;2;115;46;90m▀[m[38;2;120;39;132m[48;2;120;39;132m▀[m[38;2;125;40;141m[48;2;125;40;141m▀[m[38;2;2;2;2m[48;2;1;1;1m▀[m[38;2;0;0;0m[48;2;0;0;0m▀[m[38;2;0;0;0m[48;2;0;0;0m▀[m[38;2;255;255;253m[48;2;0;0;0m▀[m[38;2;251;251;255m[48;2;1;1;13m▀[m[38;2;189;191;214m[48;2;189;191;214m▀[m[38;2;189;191;214m[48;2;189;191;214m▀[m[38;2;187;191;216m[48;2;187;191;216m▀[m[38;2;189;191;214m[48;2;189;191;214m▀[m[38;2;233;231;252m[48;2;233;231;252m▀[m[38;2;229;227;248m[48;2;229;227;248m▀[m[38;2;0;0;8m[48;2;0;0;8m▀[m[38;2;0;0;2m[48;2;0;0;2m▀[m[38;2;255;255;255m[48;2;0;0;2m▀[m[38;2;103;51;117m[48;2;103;51;117m▀[m[38;2;110;46;124m[48;2;110;46;124m▀[m[38;2;5;7;2m[48;2;5;7;2m▀[m[38;2;20;20;20m[48;2;20;20;20m▀[m[38;2;20;20;20m[48;2;20;20;20m▀[m[38;2;20;20;20m[48;2;20;20;20m▀[m[38;2;20;20;20m[48;2;20;20;20m▀[m[38;2;20;20;20m[48;2;20;20;20m▀[m[38;2;20;20;20m[48;2;20;20;20m▀[m[38;2;20;20;20m[48;2;20;20;20m▀[m
[38;2;20;20;20m[48;2;20;20;20m▀[m[38;2;20;20;20m[48;2;20;20;20m▀[m[38;2;20;20;20m[48;2;20;20;20m▀[m[38;2;20;20;20m[48;2;20;20;20m▀[m[38;2;20;20;20m[48;2;20;20;20m▀[m[38;2;1;1;0m[48;2;0;1;6m▀[m[38;2;1;0;0m[48;2;3;0;2m▀[m[38;2;12;5;0m[48;2;8;0;0m▀[m[38;2;248;210;145m[48;2;219;174;93m▀[m[38;2;214;173;109m[48;2;214;176;95m▀[m[38;2;213;175;100m[48;2;217;172;104m▀[m[38;2;212;176;98m[48;2;219;174;93m▀[m[38;2;216;175;93m[48;2;216;174;102m▀[m[38;2;105;46;66m[48;2;212;172;84m▀[m[38;2;117;42;101m[48;2;213;168;111m▀[m[38;2;125;50;135m[48;2;125;41;137m▀[m[38;2;5;0;3m[48;2;122;36;143m▀[m[38;2;7;0;5m[48;2;121;40;142m▀[m[38;2;8;0;5m[48;2;121;41;140m▀[m[38;2;9;7;12m[48;2;225;220;250m▀[m[38;2;7;3;18m[48;2;219;222;241m▀[m[38;2;189;191;214m[48;2;189;191;214m▀[m[38;2;189;191;214m[48;2;189;191;214m▀[m[38;2;187;192;214m[48;2;187;191;216m▀[m[38;2;189;192;209m[48;2;189;192;207m▀[m[38;2;229;228;242m[48;2;14;15;17m▀[m[38;2;233;232;250m[48;2;242;241;255m▀[m[38;2;0;0;12m[48;2;185;183;207m▀[m[38;2;0;5;8m[48;2;193;188;220m▀[m[38;2;12;0;14m[48;2;117;43;128m▀[m[38;2;106;49;120m[48;2;119;39;136m▀[m[38;2;110;46;122m[48;2;109;47;122m▀[m[38;2;6;6;6m[48;2;6;6;8m▀[m[38;2;20;20;20m[48;2;20;20;20m▀[m[38;2;20;20;20m[48;2;20;20;20m▀[m[38;2;20;20;20m[48;2;20;20;20m▀[m[38;2;20;20;20m[48;2;20;20;20m▀[m[38;2;20;20;20m[48;2;20;20;20m▀[m[38;2;20;20;20m[48;2;20;20;20m▀[m[38;2;20;20;20m[48;2;20;20;20m▀[m
[38;2;20;20;20m[48;2;20;20;20m▀[m[38;2;20;20;20m[48;2;20;20;20m▀[m[38;2;20;20;20m[48;2;20;20;20m▀[m[38;2;20;20;20m[48;2;20;20;20m▀[m[38;2;20;20;20m[48;2;20;20;20m▀[m[38;2;4;0;3m[48;2;19;20;25m▀[m[38;2;196;171;117m[48;2;182;164;140m▀[m[38;2;210;167;99m[48;2;196;180;128m▀[m[38;2;217;186;103m[48;2;204;178;129m▀[m[38;2;0;4;4m[48;2;21;4;0m▀[m[38;2;33;12;0m[48;2;43;18;0m▀[m[38;2;213;175;92m[48;2;210;166;91m▀[m[38;2;216;174;100m[48;2;216;174;100m▀[m[38;2;216;174;100m[48;2;216;174;100m▀[m[38;2;215;167;121m[48;2;218;170;121m▀[m[38;2;122;39;131m[48;2;122;39;127m▀[m[38;2;126;34;141m[48;2;122;38;134m▀[m[38;2;213;177;238m[48;2;204;180;232m▀[m[38;2;189;193;220m[48;2;189;191;216m▀[m[38;2;182;189;207m[48;2;189;191;214m▀[m[38;2;195;191;224m[48;2;189;191;214m▀[m[38;2;189;191;214m[48;2;178;183;203m▀[m[38;2;189;191;214m[48;2;193;196;205m▀[m[38;2;187;191;218m[48;2;195;195;207m▀[m[38;2;189;191;214m[48;2;193;195;207m▀[m[38;2;241;240;255m[48;2;231;233;245m▀[m[38;2;229;228;246m[48;2;223;222;236m▀[m[38;2;229;228;246m[48;2;229;228;244m▀[m[38;2;236;228;251m[48;2;229;228;246m▀[m[38;2;236;222;248m[48;2;230;227;246m▀[m[38;2;105;49;124m[48;2;103;50;120m▀[m[38;2;109;47;122m[48;2;109;47;120m▀[m[38;2;6;6;8m[48;2;3;7;6m▀[m[38;2;20;20;20m[48;2;20;20;20m▀[m[38;2;20;20;20m[48;2;20;20;20m▀[m[38;2;20;20;20m[48;2;20;20;20m▀[m[38;2;20;20;20m[48;2;20;20;20m▀[m[38;2;20;20;20m[48;2;20;20;20m▀[m[38;2;20;20;20m[48;2;20;20;20m▀[m[38;2;20;20;20m[48;2;20;20;20m▀[m
[38;2;20;20;20m[48;2;20;20;20m▀[m[38;2;20;20;20m[48;2;20;20;20m▀[m[38;2;20;20;20m[48;2;20;20;20m▀[m[38;2;20;20;20m[48;2;20;20;20m▀[m[38;2;20;20;20m[48;2;20;20;20m▀[m[38;2;20;20;20m[48;2;20;20;20m▀[m[38;2;3;4;6m[48;2;20;20;20m▀[m[38;2;5;1;2m[48;2;20;20;20m▀[m[38;2;0;3;9m[48;2;4;0;15m▀[m[38;2;213;177;89m[48;2;212;177;95m▀[m[38;2;223;171;96m[48;2;219;173;98m▀[m[38;2;213;174;107m[48;2;216;173;105m▀[m[38;2;216;174;100m[48;2;216;174;100m▀[m[38;2;216;174;100m[48;2;216;174;100m▀[m[38;2;218;171;117m[48;2;216;172;107m▀[m[38;2;122;40;124m[48;2;217;176;97m▀[m[38;2;122;38;134m[48;2;116;42;131m▀[m[38;2;204;180;232m[48;2;207;179;228m▀[m[38;2;189;191;216m[48;2;194;188;214m▀[m[38;2;189;191;214m[48;2;186;192;218m▀[m[38;2;189;191;214m[48;2;186;192;218m▀[m[38;2;193;195;210m[48;2;186;193;212m▀[m[38;2;1;0;0m[48;2;192;192;216m▀[m[38;2;1;0;0m[48;2;207;174;121m▀[m[38;2;1;0;0m[48;2;210;176;105m▀[m[38;2;1;0;0m[48;2;247;221;147m▀[m[38;2;232;231;245m[48;2;228;228;254m▀[m[38;2;229;228;244m[48;2;229;228;246m▀[m[38;2;229;228;244m[48;2;234;232;245m▀[m[38;2;230;227;244m[48;2;240;217;150m▀[m[38;2;103;50;120m[48;2;9;2;0m▀[m[38;2;109;47;120m[48;2;2;2;2m▀[m[38;2;3;7;6m[48;2;20;20;20m▀[m[38;2;20;20;20m[48;2;20;20;20m▀[m[38;2;20;20;20m[48;2;20;20;20m▀[m[38;2;20;20;20m[48;2;20;20;20m▀[m[38;2;20;20;20m[48;2;20;20;20m▀[m[38;2;20;20;20m[48;2;20;20;20m▀[m[38;2;20;20;20m[48;2;20;20;20m▀[m[38;2;20;20;20m[48;2;20;20;20m▀[m
[38;2;20;20;20m[48;2;20;20;20m▀[m[38;2;20;20;20m[48;2;20;20;20m▀[m[38;2;20;20;20m[48;2;20;20;20m▀[m[38;2;20;20;20m[48;2;20;20;20m▀[m[38;2;20;20;20m[48;2;20;20;20m▀[m[38;2;20;20;20m[48;2;20;20;20m▀[m[38;2;20;20;20m[48;2;20;20;20m▀[m[38;2;132;132;131m[48;2;20;20;20m▀[m[38;2;20;20;20m[48;2;20;20;20m▀[m[38;2;19;2;0m[48;2;3;0;14m▀[m[38;2;39;16;0m[48;2;11;0;0m▀[m[38;2;225;183;109m[48;2;198;168;106m▀[m[38;2;216;174;100m[48;2;203;175;102m▀[m[38;2;216;174;100m[48;2;203;175;102m▀[m[38;2;216;173;104m[48;2;204;176;103m▀[m[38;2;220;177;108m[48;2;202;173;103m▀[m[38;2;222;164;163m[48;2;205;176;110m▀[m[38;2;210;175;155m[48;2;205;175;111m▀[m[38;2;198;181;151m[48;2;205;175;115m▀[m[38;2;205;179;146m[48;2;202;178;108m▀[m[38;2;207;178;146m[48;2;204;177;110m▀[m[38;2;207;179;139m[48;2;204;177;108m▀[m[38;2;206;177;147m[48;2;202;177;111m▀[m[38;2;210;175;107m[48;2;202;177;110m▀[m[38;2;212;176;102m[48;2;202;177;110m▀[m[38;2;213;175;102m[48;2;204;177;110m▀[m[38;2;234;220;173m[48;2;241;223;149m▀[m[38;2;241;218;174m[48;2;241;218;148m▀[m[38;2;220;207;162m[48;2;240;223;171m▀[m[38;2;12;1;0m[48;2;3;0;0m▀[m[38;2;20;20;20m[48;2;20;20;20m▀[m[38;2;20;20;20m[48;2;20;20;20m▀[m[38;2;20;20;20m[48;2;20;20;20m▀[m[38;2;20;20;20m[48;2;20;20;20m▀[m[38;2;20;20;20m[48;2;20;20;20m▀[m[38;2;20;20;20m[48;2;20;20;20m▀[m[38;2;20;20;20m[48;2;20;20;20m▀[m[38;2;20;20;20m[48;2;20;20;20m▀[m[38;2;20;20;20m[48;2;20;20;20m▀[m[38;2;20;20;20m[48;2;20;20;20m▀[m
[38;2;20;20;20m[48;2;20;20;20m▀[m[38;2;20;20;20m[48;2;20;20;20m▀[m[38;2;20;20;20m[48;2;20;20;20m▀[m[38;2;20;20;20m[48;2;20;20;20m▀[m[38;2;20;20;20m[48;2;20;20;20m▀[m[38;2;20;20;20m[48;2;20;20;20m▀[m[38;2;20;20;20m[48;2;6;6;6m▀[m[38;2;20;20;20m[48;2;2;2;2m▀[m[38;2;0;0;0m[48;2;81;81;81m▀[m[38;2;81;84;75m[48;2;146;148;145m▀[m[38;2;72;73;78m[48;2;155;156;158m▀[m[38;2;0;0;11m[48;2;31;32;36m▀[m[38;2;0;7;0m[48;2;29;31;30m▀[m[38;2;1;6;2m[48;2;80;82;81m▀[m[38;2;1;9;0m[48;2;74;75;77m▀[m[38;2;0;5;0m[48;2;0;0;2m▀[m[38;2;0;4;5m[48;2;185;192;210m▀[m[38;2;2;3;7m[48;2;185;192;210m▀[m[38;2;2;3;7m[48;2;185;192;210m▀[m[38;2;0;4;5m[48;2;186;193;212m▀[m[38;2;0;4;5m[48;2;186;193;212m▀[m[38;2;0;4;5m[48;2;186;193;212m▀[m[38;2;0;4;5m[48;2;185;192;211m▀[m[38;2;0;4;5m[48;2;185;192;211m▀[m[38;2;0;4;5m[48;2;185;192;211m▀[m[38;2;0;4;5m[48;2;185;192;211m▀[m[38;2;0;6;0m[48;2;0;1;0m▀[m[38;2;0;9;1m[48;2;84;84;86m▀[m[38;2;14;12;23m[48;2;78;75;82m▀[m[38;2;0;0;4m[48;2;139;137;138m▀[m[38;2;20;20;20m[48;2;0;0;0m▀[m[38;2;20;20;20m[48;2;0;0;0m▀[m[38;2;20;20;20m[48;2;20;20;20m▀[m[38;2;20;20;20m[48;2;20;20;20m▀[m[38;2;20;20;20m[48;2;20;20;20m▀[m[38;2;20;20;20m[48;2;20;20;20m▀[m[38;2;20;20;20m[48;2;20;20;20m▀[m[38;2;20;20;20m[48;2;20;20;20m▀[m[38;2;20;20;20m[48;2;20;20;20m▀[m[38;2;20;20;20m[48;2;20;20;20m▀[m
[38;2;20;20;20m[48;2;20;20;20m▀[m[38;2;20;20;20m[48;2;20;20;20m▀[m[38;2;20;20;20m[48;2;20;20;20m▀[m[38;2;20;20;20m[48;2;20;20;20m▀[m[38;2;20;20;20m[48;2;20;20;20m▀[m[38;2;7;7;7m[48;2;3;3;3m▀[m[38;2;91;91;91m[48;2;84;84;84m▀[m[38;2;76;76;76m[48;2;82;82;82m▀[m[38;2;123;123;123m[48;2;112;112;112m▀[m[38;2;32;32;32m[48;2;29;29;29m▀[m[38;2;53;53;53m[48;2;29;29;29m▀[m[38;2;25;25;25m[48;2;29;29;29m▀[m[38;2;86;86;86m[48;2;84;84;84m▀[m[38;2;21;21;21m[48;2;4;4;4m▀[m[38;2;1;1;1m[48;2;1;1;1m▀[m[38;2;42;42;42m[48;2;28;28;28m▀[m[38;2;0;2;11m[48;2;3;2;0m▀[m[38;2;0;2;11m[48;2;6;5;3m▀[m[38;2;0;2;11m[48;2;6;5;3m▀[m[38;2;0;0;5m[48;2;5;5;5m▀[m[38;2;18;20;33m[48;2;5;4;10m▀[m[38;2;232;235;254m[48;2;232;231;245m▀[m[38;2;186;188;211m[48;2;195;193;214m▀[m[38;2;231;232;253m[48;2;233;231;245m▀[m[38;2;231;233;248m[48;2;233;232;240m▀[m[38;2;8;11;20m[48;2;10;10;10m▀[m[38;2;3;3;5m[48;2;1;1;3m▀[m[38;2;38;38;36m[48;2;32;32;30m▀[m[38;2;38;38;38m[48;2;28;28;28m▀[m[38;2;120;120;120m[48;2;112;112;112m▀[m[38;2;0;0;0m[48;2;0;0;0m▀[m[38;2;0;0;0m[48;2;0;0;0m▀[m[38;2;20;20;20m[48;2;20;20;20m▀[m[38;2;20;20;20m[48;2;20;20;20m▀[m[38;2;20;20;20m[48;2;20;20;20m▀[m[38;2;20;20;20m[48;2;20;20;20m▀[m[38;2;20;20;20m[48;2;20;20;20m▀[m[38;2;20;20;20m[48;2;20;20;20m▀[m[38;2;20;20;20m[48;2;20;20;20m▀[m[38;2;20;20;20m[48;2;20;20;20m▀[m
[38;2;20;20;20m[48;2;20;20;20m▀[m[38;2;20;20;20m[48;2;20;20;20m▀[m[38;2;20;20;20m[48;2;20;20;20m▀[m[38;2;0;0;0m[48;2;0;0;0m▀[m[38;2;0;0;0m[48;2;0;0;0m▀[m[38;2;117;117;117m[48;2;26;26;26m▀[m[38;2;33;33;33m[48;2;27;27;27m▀[m[38;2;29;29;29m[48;2;29;29;29m▀[m[38;2;29;29;29m[48;2;30;30;30m▀[m[38;2;29;29;29m[48;2;81;81;81m▀[m[38;2;29;29;29m[48;2;94;94;94m▀[m[38;2;29;29;29m[48;2;115;115;115m▀[m[38;2;134;134;134m[48;2;0;0;0m▀[m[38;2;1;1;1m[48;2;0;0;0m▀[m[38;2;1;1;1m[48;2;1;1;1m▀[m[38;2;32;32;32m[48;2;30;30;30m▀[m[38;2;81;81;81m[48;2;30;30;30m▀[m[38;2;29;29;29m[48;2;29;29;29m▀[m[38;2;29;29;29m[48;2;29;29;29m▀[m[38;2;29;29;29m[48;2;76;76;76m▀[m[38;2;31;31;31m[48;2;90;90;90m▀[m[38;2;0;0;0m[48;2;135;135;135m▀[m[38;2;0;0;0m[48;2;2;2;2m▀[m[38;2;0;0;0m[48;2;28;28;28m▀[m[38;2;0;0;0m[48;2;28;28;28m▀[m[38;2;36;36;36m[48;2;31;31;31m▀[m[38;2;80;80;80m[48;2;135;135;135m▀[m[38;2;0;0;0m[48;2;9;9;9m▀[m[38;2;5;5;5m[48;2;2;2;2m▀[m[38;2;81;81;81m[48;2;1;1;1m▀[m[38;2;0;0;0m[48;2;0;0;0m▀[m[38;2;0;0;0m[48;2;0;0;0m▀[m[38;2;20;20;20m[48;2;20;20;20m▀[m[38;2;20;20;20m[48;2;20;20;20m▀[m[38;2;20;20;20m[48;2;24;24;24m▀[m[38;2;20;20;20m[48;2;2;2;2m▀[m[38;2;20;20;20m[48;2;2;2;2m▀[m[38;2;20;20;20m[48;2;2;2;2m▀[m[38;2;20;20;20m[48;2;2;2;2m▀[m[38;2;20;20;20m[48;2;20;20;20m▀[m
[38;2;20;20;20m[48;2;20;20;20m▀[m[38;2;20;20;20m[48;2;20;20;20m▀[m[38;2;20;20;20m[48;2;20;20;20m▀[m[38;2;0;0;0m[48;2;0;0;0m▀[m[38;2;0;0;0m[48;2;0;0;0m▀[m[38;2;28;28;28m[48;2;0;0;0m▀[m[38;2;25;25;25m[48;2;83;83;83m▀[m[38;2;28;28;30m[48;2;85;84;80m▀[m[38;2;33;29;28m[48;2;74;75;77m▀[m[38;2;83;81;86m[48;2;3;1;4m▀[m[38;2;93;88;94m[48;2;9;7;12m▀[m[38;2;112;111;116m[48;2;1;1;3m▀[m[38;2;4;12;1m[48;2;86;141;37m▀[m[38;2;5;3;14m[48;2;0;15;0m▀[m[38;2;1;1;3m[48;2;0;0;2m▀[m[38;2;33;34;29m[48;2;0;0;11m▀[m[38;2;28;28;28m[48;2;84;84;84m▀[m[38;2;28;28;28m[48;2;84;84;84m▀[m[38;2;28;28;28m[48;2;84;84;84m▀[m[38;2;77;77;77m[48;2;3;3;3m▀[m[38;2;95;95;95m[48;2;0;0;0m▀[m[38;2;129;129;129m[48;2;4;4;4m▀[m[38;2;3;3;3m[48;2;90;90;90m▀[m[38;2;29;29;29m[48;2;0;0;0m▀[m[38;2;29;29;29m[48;2;0;0;0m▀[m[38;2;24;24;24m[48;2;88;88;88m▀[m[38;2;135;129;129m[48;2;0;0;5m▀[m[38;2;14;8;10m[48;2;3;0;9m▀[m[38;2;2;0;8m[48;2;13;13;13m▀[m[38;2;0;10;0m[48;2;30;81;12m▀[m[38;2;0;0;0m[48;2;0;8;0m▀[m[38;2;0;1;0m[48;2;1;2;6m▀[m[38;2;20;20;20m[48;2;5;4;9m▀[m[38;2;20;20;20m[48;2;1;0;8m▀[m[38;2;13;13;13m[48;2;230;233;240m▀[m[38;2;0;0;7m[48;2;229;227;248m▀[m[38;2;0;0;5m[48;2;229;227;248m▀[m[38;2;0;0;7m[48;2;230;226;249m▀[m[38;2;0;0;4m[48;2;230;228;242m▀[m[38;2;20;20;20m[48;2;3;2;7m▀[m
[38;2;20;20;20m[48;2;20;20;20m▀[m[38;2;20;20;20m[48;2;20;20;20m▀[m[38;2;20;20;20m[48;2;20;20;20m▀[m[38;2;0;0;0m[48;2;0;0;0m▀[m[38;2;0;0;0m[48;2;0;0;0m▀[m[38;2;0;0;0m[48;2;0;0;0m▀[m[38;2;2;0;1m[48;2;44;70;35m▀[m[38;2;2;0;3m[48;2;40;70;18m▀[m[38;2;3;10;3m[48;2;91;119;60m▀[m[38;2;35;80;11m[48;2;83;135;37m▀[m[38;2;36;81;0m[48;2;105;146;52m▀[m[38;2;97;137;49m[48;2;168;201;110m▀[m[38;2;175;197;114m[48;2;32;71;0m▀[m[38;2;2;7;0m[48;2;0;7;0m▀[m[38;2;0;8;0m[48;2;0;9;0m▀[m[38;2;108;144;57m[48;2;29;86;0m▀[m[38;2;1;1;0m[48;2;104;128;68m▀[m[38;2;1;1;0m[48;2;41;69;20m▀[m[38;2;1;1;0m[48;2;38;69;27m▀[m[38;2;3;1;2m[48;2;90;123;54m▀[m[38;2;4;5;0m[48;2;77;92;63m▀[m[38;2;19;19;19m[48;2;1;1;3m▀[m[38;2;19;17;18m[48;2;123;123;125m▀[m[38;2;113;113;113m[48;2;1;0;0m▀[m[38;2;113;113;113m[48;2;0;3;0m▀[m[38;2;10;10;12m[48;2;92;115;69m▀[m[38;2;27;72;7m[48;2;164;199;119m▀[m[38;2;3;23;0m[48;2;14;27;7m▀[m[38;2;1;3;0m[48;2;2;0;3m▀[m[38;2;87;132;47m[48;2;88;135;39m▀[m[38;2;174;191;121m[48;2;89;133;35m▀[m[38;2;168;193;127m[48;2;94;130;42m▀[m[38;2;27;73;1m[48;2;176;207;131m▀[m[38;2;1;11;2m[48;2;9;9;7m▀[m[38;2;234;230;245m[48;2;233;232;240m▀[m[38;2;229;227;248m[48;2;229;228;246m▀[m[38;2;229;227;248m[48;2;229;228;246m▀[m[38;2;230;227;248m[48;2;229;228;244m▀[m[38;2;230;228;241m[48;2;229;228;242m▀[m[38;2;3;3;3m[48;2;1;3;2m▀[m
[38;2;20;20;20m[48;2;20;20;20m▀[m[38;2;20;20;20m[48;2;20;20;20m▀[m[38;2;20;20;20m[48;2;20;20;20m▀[m[38;2;0;0;0m[48;2;0;0;0m▀[m[38;2;0;0;0m[48;2;0;0;0m▀[m[38;2;1;0;7m[48;2;1;0;6m▀[m[38;2;39;77;16m[48;2;91;124;55m▀[m[38;2;34;87;7m[48;2;93;133;36m▀[m[38;2;98;144;54m[48;2;170;194;118m▀[m[38;2;80;135;33m[48;2;25;85;0m▀[m[38;2;94;128;44m[48;2;42;79;2m▀[m[38;2;179;196;126m[48;2;177;193;120m▀[m[38;2;36;87;10m[48;2;177;196;115m▀[m[38;2;1;17;0m[48;2;0;10;0m▀[m[38;2;1;13;0m[48;2;0;12;0m▀[m[38;2;33;91;6m[48;2;85;140;23m▀[m[38;2;83;137;39m[48;2;85;138;30m▀[m[38;2;30;82;0m[48;2;168;201;112m▀[m[38;2;29;81;9m[48;2;178;194;119m▀[m[38;2;84;131;37m[48;2;178;194;121m▀[m[38;2;98;121;77m[48;2;159;196;116m▀[m[38;2;11;14;7m[48;2;36;82;10m▀[m[38;2;132;134;131m[48;2;0;1;6m▀[m[38;2;1;4;0m[48;2;89;133;48m▀[m[38;2;0;13;0m[48;2;95;132;39m▀[m[38;2;90;137;21m[48;2;176;193;115m▀[m[38;2;174;201;134m[48;2;26;83;6m▀[m[38;2;1;7;0m[48;2;0;10;0m▀[m[38;2;3;0;7m[48;2;0;1;0m▀[m[38;2;85;132;40m[48;2;33;78;11m▀[m[38;2;90;135;32m[48;2;85;138;34m▀[m[38;2;92;133;39m[48;2;83;137;39m▀[m[38;2;179;201;128m[48;2;26;81;0m▀[m[38;2;10;15;11m[48;2;0;6;0m▀[m[38;2;226;225;233m[48;2;194;193;207m▀[m[38;2;228;227;245m[48;2;190;190;214m▀[m[38;2;228;227;245m[48;2;187;187;211m▀[m[38;2;229;228;244m[48;2;230;226;251m▀[m[38;2;229;228;242m[48;2;230;228;241m▀[m[38;2;1;3;2m[48;2;1;1;1m▀[m
[38;2;20;20;20m[48;2;20;20;20m▀[m[38;2;20;20;20m[48;2;20;20;20m▀[m[38;2;3;3;3m[48;2;0;0;0m▀[m[38;2;33;33;33m[48;2;29;29;29m▀[m[38;2;33;33;31m[48;2;29;29;29m▀[m[38;2;0;0;4m[48;2;4;4;2m▀[m[38;2;0;8;0m[48;2;4;4;14m▀[m[38;2;1;9;0m[48;2;0;1;10m▀[m[38;2;0;2;0m[48;2;0;0;5m▀[m[38;2;0;12;0m[48;2;0;0;7m▀[m[38;2;10;20;9m[48;2;0;0;7m▀[m[38;2;2;8;0m[48;2;0;0;7m▀[m[38;2;1;2;0m[48;2;0;0;7m▀[m[38;2;8;8;6m[48;2;0;1;0m▀[m[38;2;0;10;0m[48;2;0;6;0m▀[m[38;2;22;75;0m[48;2;41;79;20m▀[m[38;2;0;10;0m[48;2;14;0;19m▀[m[38;2;0;6;0m[48;2;18;0;26m▀[m[38;2;1;4;0m[48;2;18;0;30m▀[m[38;2;1;2;0m[48;2;16;0;19m▀[m[38;2;0;4;0m[48;2;16;0;19m▀[m[38;2;0;5;0m[48;2;14;0;21m▀[m[38;2;1;0;12m[48;2;16;0;22m▀[m[38;2;0;10;0m[48;2;16;0;21m▀[m[38;2;1;9;0m[48;2;14;0;19m▀[m[38;2;4;7;0m[48;2;14;0;19m▀[m[38;2;175;201;136m[48;2;173;190;145m▀[m[38;2;1;10;0m[48;2;15;15;3m▀[m[38;2;0;1;6m[48;2;1;1;0m▀[m[38;2;0;12;0m[48;2;0;0;0m▀[m[38;2;3;11;0m[48;2;0;0;0m▀[m[38;2;3;11;0m[48;2;0;0;0m▀[m[38;2;1;7;3m[48;2;2;2;2m▀[m[38;2;2;1;7m[48;2;1;1;1m▀[m[38;2;0;0;4m[48;2;1;1;1m▀[m[38;2;5;5;15m[48;2;1;1;1m▀[m[38;2;1;1;11m[48;2;1;1;1m▀[m[38;2;0;0;7m[48;2;1;1;1m▀[m[38;2;0;0;2m[48;2;1;1;1m▀[m[38;2;20;20;20m[48;2;20;20;20m▀[m
[38;2;20;20;20m[48;2;20;20;20m▀[m[38;2;20;20;20m[48;2;20;20;20m▀[m[38;2;0;0;0m[48;2;0;0;0m▀[m[38;2;29;29;29m[48;2;29;29;29m▀[m[38;2;29;29;29m[48;2;29;29;29m▀[m[38;2;4;4;6m[48;2;4;3;9m▀[m[38;2;187;186;200m[48;2;187;186;204m▀[m[38;2;191;191;215m[48;2;191;191;215m▀[m[38;2;229;227;248m[48;2;229;228;246m▀[m[38;2;229;228;246m[48;2;229;228;244m▀[m[38;2;229;228;246m[48;2;229;228;244m▀[m[38;2;229;228;246m[48;2;229;228;244m▀[m[38;2;229;227;248m[48;2;229;228;244m▀[m[38;2;0;0;10m[48;2;0;0;8m▀[m[38;2;5;0;1m[48;2;0;11;0m▀[m[38;2;6;1;0m[48;2;84;132;23m▀[m[38;2;120;39;134m[48;2;179;194;129m▀[m[38;2;118;36;136m[48;2;1;10;0m▀[m[38;2;118;36;138m[48;2;3;4;6m▀[m[38;2;119;38;131m[48;2;1;3;0m▀[m[38;2;119;38;131m[48;2;1;3;0m▀[m[38;2;117;37;132m[48;2;0;5;0m▀[m[38;2;123;39;135m[48;2;93;132;43m▀[m[38;2;122;37;140m[48;2;88;134;36m▀[m[38;2;120;38;140m[48;2;96;128;45m▀[m[38;2;117;37;136m[48;2;184;196;134m▀[m[38;2;0;0;0m[48;2;177;200;120m▀[m[38;2;19;18;16m[48;2;4;8;0m▀[m[38;2;0;0;0m[48;2;0;0;11m▀[m[38;2;30;30;28m[48;2;77;68;121m▀[m[38;2;0;0;0m[48;2;27;24;41m▀[m[38;2;0;0;0m[48;2;27;27;27m▀[m[38;2;20;20;20m[48;2;1;1;1m▀[m[38;2;20;20;20m[48;2;20;20;20m▀[m[38;2;20;20;20m[48;2;20;20;20m▀[m[38;2;20;20;20m[48;2;20;20;20m▀[m[38;2;20;20;20m[48;2;20;20;20m▀[m[38;2;20;20;20m[48;2;20;20;20m▀[m[38;2;20;20;20m[48;2;20;20;20m▀[m[38;2;20;20;20m[48;2;20;20;20m▀[m
[38;2;20;20;20m[48;2;20;20;20m▀[m[38;2;20;20;20m[48;2;20;20;20m▀[m[38;2;0;0;0m[48;2;0;0;0m▀[m[38;2;29;29;29m[48;2;29;29;29m▀[m[38;2;29;29;29m[48;2;29;28;34m▀[m[38;2;7;1;35m[48;2;80;65;158m▀[m[38;2;204;203;211m[48;2;0;0;21m▀[m[38;2;187;186;202m[48;2;0;0;5m▀[m[38;2;229;228;244m[48;2;229;228;244m▀[m[38;2;229;228;246m[48;2;229;228;246m▀[m[38;2;229;228;246m[48;2;229;228;246m▀[m[38;2;229;228;246m[48;2;229;228;246m▀[m[38;2;229;227;248m[48;2;229;227;248m▀[m[38;2;0;0;8m[48;2;0;0;8m▀[m[38;2;0;12;0m[48;2;0;11;0m▀[m[38;2;89;137;28m[48;2;89;137;28m▀[m[38;2;177;194;123m[48;2;177;194;123m▀[m[38;2;1;6;0m[48;2;1;6;0m▀[m[38;2;0;0;2m[48;2;0;0;2m▀[m[38;2;12;12;12m[48;2;20;20;20m▀[m[38;2;1;1;1m[48;2;20;20;20m▀[m[38;2;4;8;7m[48;2;20;20;20m▀[m[38;2;95;119;67m[48;2;2;0;19m▀[m[38;2;88;135;41m[48;2;96;130;46m▀[m[38;2;92;133;41m[48;2;89;135;36m▀[m[38;2;161;190;108m[48;2;85;138;34m▀[m[38;2;171;192;115m[48;2;177;199;126m▀[m[38;2;2;6;0m[48;2;3;5;0m▀[m[38;2;6;5;10m[48;2;6;5;10m▀[m[38;2;78;66;138m[48;2;78;66;138m▀[m[38;2;29;26;45m[48;2;29;26;45m▀[m[38;2;29;29;31m[48;2;29;29;31m▀[m[38;2;1;1;1m[48;2;1;1;1m▀[m[38;2;20;20;20m[48;2;20;20;20m▀[m[38;2;20;20;20m[48;2;20;20;20m▀[m[38;2;20;20;20m[48;2;20;20;20m▀[m[38;2;20;20;20m[48;2;20;20;20m▀[m[38;2;20;20;20m[48;2;20;20;20m▀[m[38;2;20;20;20m[48;2;20;20;20m▀[m[38;2;20;20;20m[48;2;20;20;20m▀[m
[38;2;20;20;20m[48;2;20;20;20m▀[m[38;2;20;20;20m[48;2;20;20;20m▀[m[38;2;0;0;0m[48;2;20;20;20m▀[m[38;2;29;29;29m[48;2;5;5;5m▀[m[38;2;29;28;36m[48;2;5;5;3m▀[m[38;2;80;66;151m[48;2;32;30;41m▀[m[38;2;78;65;147m[48;2;82;73;128m▀[m[38;2;82;74;121m[48;2;76;64;136m▀[m[38;2;0;0;2m[48;2;77;66;132m▀[m[38;2;0;0;0m[48;2;0;0;0m▀[m[38;2;0;0;0m[48;2;0;0;0m▀[m[38;2;0;0;0m[48;2;0;0;0m▀[m[38;2;0;0;0m[48;2;32;32;32m▀[m[38;2;32;32;32m[48;2;30;30;30m▀[m[38;2;29;29;27m[48;2;28;28;26m▀[m[38;2;100;100;98m[48;2;117;117;115m▀[m[38;2;0;0;0m[48;2;0;0;0m▀[m[38;2;20;20;20m[48;2;20;20;20m▀[m[38;2;20;20;20m[48;2;20;20;20m▀[m[38;2;20;20;20m[48;2;20;20;20m▀[m[38;2;20;20;20m[48;2;20;20;20m▀[m[38;2;20;20;20m[48;2;20;20;20m▀[m[38;2;20;20;20m[48;2;20;20;20m▀[m[38;2;0;0;0m[48;2;0;0;0m▀[m[38;2;0;0;0m[48;2;0;0;0m▀[m[38;2;35;35;33m[48;2;36;36;36m▀[m[38;2;29;29;27m[48;2;29;29;29m▀[m[38;2;83;83;81m[48;2;113;113;113m▀[m[38;2;86;86;88m[48;2;107;107;109m▀[m[38;2;0;0;2m[48;2;0;0;2m▀[m[38;2;29;30;22m[48;2;77;70;112m▀[m[38;2;29;28;34m[48;2;77;68;123m▀[m[38;2;1;1;1m[48;2;29;28;33m▀[m[38;2;20;20;20m[48;2;0;0;0m▀[m[38;2;20;20;20m[48;2;20;20;20m▀[m[38;2;20;20;20m[48;2;20;20;20m▀[m[38;2;20;20;20m[48;2;20;20;20m▀[m[38;2;20;20;20m[48;2;20;20;20m▀[m[38;2;20;20;20m[48;2;20;20;20m▀[m[38;2;20;20;20m[48;2;20;20;20m▀[m
[38;2;20;20;20m[48;2;20;20;20m▀[m[38;2;20;20;20m[48;2;20;20;20m▀[m[38;2;20;20;20m[48;2;20;20;20m▀[m[38;2;0;0;0m[48;2;0;0;0m▀[m[38;2;0;0;0m[48;2;0;0;2m▀[m[38;2;27;27;29m[48;2;31;31;31m▀[m[38;2;81;75;113m[48;2;30;31;25m▀[m[38;2;82;74;123m[48;2;27;28;22m▀[m[38;2;97;90;131m[48;2;2;2;2m▀[m[38;2;2;2;2m[48;2;20;20;20m▀[m[38;2;11;11;11m[48;2;20;20;20m▀[m[38;2;5;3;4m[48;2;2;1;0m▀[m[38;2;41;24;4m[48;2;223;177;117m▀[m[38;2;40;31;14m[48;2;246;217;141m▀[m[38;2;43;31;15m[48;2;242;216;141m▀[m[38;2;132;125;96m[48;2;241;217;145m▀[m[38;2;0;0;0m[48;2;0;0;0m▀[m[38;2;20;20;20m[48;2;20;20;20m▀[m[38;2;20;20;20m[48;2;20;20;20m▀[m[38;2;20;20;20m[48;2;20;20;20m▀[m[38;2;20;20;20m[48;2;20;20;20m▀[m[38;2;20;20;20m[48;2;20;20;20m▀[m[38;2;20;20;20m[48;2;20;20;20m▀[m[38;2;2;1;0m[48;2;2;0;3m▀[m[38;2;4;0;0m[48;2;12;0;0m▀[m[38;2;49;32;6m[48;2;213;174;97m▀[m[38;2;41;24;0m[48;2;215;174;92m▀[m[38;2;120;106;79m[48;2;248;218;132m▀[m[38;2;121;116;86m[48;2;245;225;152m▀[m[38;2;2;0;1m[48;2;4;1;0m▀[m[38;2;79;69;121m[48;2;79;72;123m▀[m[38;2;78;68;129m[48;2;80;71;124m▀[m[38;2;27;27;27m[48;2;39;38;43m▀[m[38;2;0;0;0m[48;2;0;0;0m▀[m[38;2;20;20;20m[48;2;20;20;20m▀[m[38;2;20;20;20m[48;2;20;20;20m▀[m[38;2;20;20;20m[48;2;20;20;20m▀[m[38;2;20;20;20m[48;2;20;20;20m▀[m[38;2;20;20;20m[48;2;20;20;20m▀[m[38;2;20;20;20m[48;2;20;20;20m▀[m
[m[38;2;20;20;20m▀[m[m[38;2;20;20;20m▀[m[m[38;2;20;20;20m▀[m[m[38;2;20;20;20m▀[m[m[38;2;20;20;20m▀[m[m[38;2;1;1;1m▀[m[m[38;2;1;1;3m▀[m[m[38;2;8;8;8m▀[m[m[38;2;20;20;20m▀[m[m[38;2;20;20;20m▀[m[m[38;2;20;20;20m▀[m[m[38;2;5;5;5m▀[m[m[38;2;1;1;1m▀[m[m[38;2;1;1;3m▀[m[m[38;2;1;1;3m▀[m[m[38;2;1;1;0m▀[m[m[38;2;1;1;1m▀[m[m[38;2;20;20;20m▀[m[m[38;2;20;20;20m▀[m[m[38;2;20;20;20m▀[m[m[38;2;20;20;20m▀[m[m[38;2;20;20;20m▀[m[m[38;2;20;20;20m▀[m[m[38;2;2;1;0m▀[m[m[38;2;0;1;3m▀[m[m[38;2;0;1;5m▀[m[m[38;2;1;1;1m▀[m[m[38;2;0;2;1m▀[m[m[38;2;1;1;3m▀[m[m[38;2;1;1;3m▀[m[m[38;2;1;1;0m▀[m[m[38;2;1;1;3m▀[m[m[38;2;1;1;1m▀[m[m[38;2;20;20;20m▀[m[m[38;2;20;20;20m▀[m[m[38;2;20;20;20m▀[m[m[38;2;20;20;20m▀[m[m[38;2;20;20;20m▀[m[m[38;2;20;20;20m▀[m[m[38;2;20;20;20m▀[m
