[38;2;0;0;0m[48;2;0;0;0m▀[m[38;2;0;0;0m[48;2;0;0;0m▀[m[38;2;0;0;0m[48;2;0;0;0m▀[m[38;2;0;0;0m[48;2;0;0;0m▀[m[38;2;0;0;0m[48;2;0;0;0m▀[m[38;2;0;0;0m[48;2;0;0;0m▀[m[38;2;0;0;0m[48;2;0;0;0m▀[m[38;2;0;0;0m[48;2;0;0;0m▀[m[38;2;0;0;0m[48;2;0;0;0m▀[m[38;2;0;0;0m[48;2;0;0;0m▀[m[38;2;0;0;0m[48;2;0;0;0m▀[m[38;2;0;0;0m[48;2;0;0;0m▀[m[38;2;0;0;0m[48;2;0;0;0m▀[m[38;2;0;0;0m[48;2;0;0;0m▀[m[38;2;0;0;0m[48;2;0;0;0m▀[m[38;2;0;0;0m[48;2;0;0;0m▀[m[38;2;0;0;0m[48;2;0;0;0m▀[m[38;2;0;0;0m[48;2;0;0;0m▀[m[38;2;0;0;0m[48;2;13;9;6m▀[m[38;2;0;0;0m[48;2;52;34;21m▀[m[38;2;0;0;0m[48;2;134;84;48m▀[m[38;2;0;0;0m[48;2;134;84;48m▀[m[38;2;0;0;0m[48;2;134;84;48m▀[m[38;2;0;0;0m[48;2;134;84;48m▀[m[38;2;0;0;0m[48;2;134;84;48m▀[m[38;2;0;0;0m[48;2;134;84;48m▀[m[38;2;0;0;0m[48;2;134;84;48m▀[m[38;2;0;0;0m[48;2;134;84;48m▀[m[38;2;0;0;0m[48;2;134;84;48m▀[m[38;2;0;0;0m[48;2;134;84;48m▀[m[38;2;0;0;0m[48;2;134;84;48m▀[m[38;2;0;0;0m[48;2;97;63;39m▀[m[38;2;0;0;0m[48;2;52;35;24m▀[m[38;2;0;0;0m[48;2;17;12;9m▀[m[38;2;0;0;0m[48;2;0;0;0m▀[m[38;2;0;0;0m[48;2;0;0;0m▀[m[38;2;0;0;0m[48;2;0;0;0m▀[m[38;2;0;0;0m[48;2;0;0;0m▀[m[38;2;0;0;0m[48;2;0;0;0m▀[m[38;2;0;0;0m[48;2;0;0;0m▀[m[38;2;0;0;0m[48;2;0;0;0m▀[m[38;2;0;0;0m[48;2;0;0;0m▀[m[38;2;0;0;0m[48;2;0;0;0m▀[m[38;2;0;0;0m[48;2;0;0;0m▀[m[38;2;0;0;0m[48;2;0;0;0m▀[m[38;2;0;0;0m[48;2;0;0;0m▀[m[38;2;0;0;0m[48;2;0;0;0m▀[m[38;2;0;0;0m[48;2;0;0;0m▀[m[38;2;0;0;0m[48;2;0;0;0m▀[m[38;2;0;0;0m[48;2;0;0;0m▀[m
[38;2;0;0;0m[48;2;0;0;0m▀[m[38;2;0;0;0m[48;2;0;0;0m▀[m[38;2;0;0;0m[48;2;0;0;0m▀[m[38;2;0;0;0m[48;2;0;0;0m▀[m[38;2;0;0;0m[48;2;0;0;0m▀[m[38;2;0;0;0m[48;2;0;0;0m▀[m[38;2;0;0;0m[48;2;0;0;0m▀[m[38;2;0;0;0m[48;2;0;0;0m▀[m[38;2;0;0;0m[48;2;0;0;0m▀[m[38;2;0;0;0m[48;2;0;0;0m▀[m[38;2;0;0;0m[48;2;0;0;0m▀[m[38;2;0;0;0m[48;2;0;0;0m▀[m[38;2;0;0;0m[48;2;0;0;0m▀[m[38;2;0;0;0m[48;2;0;0;0m▀[m[38;2;0;0;0m[48;2;6;3;2m▀[m[38;2;0;0;0m[48;2;30;19;10m▀[m[38;2;17;11;6m[48;2;78;49;29m▀[m[38;2;55;34;20m[48;2;122;76;44m▀[m[38;2;93;59;34m[48;2;152;95;55m▀[m[38;2;127;81;47m[48;2;167;105;60m▀[m[38;2;167;105;60m[48;2;167;105;60m▀[m[38;2;167;105;60m[48;2;167;104;60m▀[m[38;2;167;105;60m[48;2;166;104;60m▀[m[38;2;166;104;60m[48;2;166;104;60m▀[m[38;2;166;104;60m[48;2;166;104;59m▀[m[38;2;166;104;60m[48;2;166;104;59m▀[m[38;2;166;104;60m[48;2;166;104;59m▀[m[38;2;166;104;60m[48;2;166;104;59m▀[m[38;2;166;104;60m[48;2;166;104;59m▀[m[38;2;166;104;60m[48;2;166;104;59m▀[m[38;2;166;104;60m[48;2;166;104;59m▀[m[38;2;148;94;55m[48;2;166;104;59m▀[m[38;2;126;80;48m[48;2;165;103;59m▀[m[38;2;98;62;37m[48;2;154;97;56m▀[m[38;2;62;40;26m[48;2;129;82;49m▀[m[38;2;23;18;15m[48;2;90;60;40m▀[m[38;2;4;3;3m[48;2;28;19;13m▀[m[38;2;0;0;0m[48;2;5;3;2m▀[m[38;2;0;0;0m[48;2;0;0;0m▀[m[38;2;0;0;0m[48;2;0;0;0m▀[m[38;2;0;0;0m[48;2;0;0;0m▀[m[38;2;0;0;0m[48;2;0;0;0m▀[m[38;2;0;0;0m[48;2;0;0;0m▀[m[38;2;0;0;0m[48;2;0;0;0m▀[m[38;2;0;0;0m[48;2;0;0;0m▀[m[38;2;0;0;0m[48;2;0;0;0m▀[m[38;2;0;0;0m[48;2;0;0;0m▀[m[38;2;0;0;0m[48;2;0;0;0m▀[m[38;2;0;0;0m[48;2;0;0;0m▀[m[38;2;0;0;0m[48;2;0;0;0m▀[m
[38;2;0;0;0m[48;2;0;0;0m▀[m[38;2;0;0;0m[48;2;0;0;0m▀[m[38;2;0;0;0m[48;2;0;0;0m▀[m[38;2;0;0;0m[48;2;0;0;0m▀[m[38;2;0;0;0m[48;2;0;0;0m▀[m[38;2;0;0;0m[48;2;0;0;0m▀[m[38;2;0;0;0m[48;2;0;0;0m▀[m[38;2;0;0;0m[48;2;0;0;0m▀[m[38;2;0;0;0m[48;2;0;0;0m▀[m[38;2;0;0;0m[48;2;0;0;0m▀[m[38;2;0;0;0m[48;2;0;0;0m▀[m[38;2;0;0;0m[48;2;0;0;0m▀[m[38;2;0;0;0m[48;2;1;0;0m▀[m[38;2;5;3;1m[48;2;27;16;9m▀[m[38;2;30;18;10m[48;2;86;53;29m▀[m[38;2;94;59;33m[48;2;168;105;61m▀[m[38;2;151;95;55m[48;2;165;103;59m▀[m[38;2;166;104;60m[48;2;166;104;59m▀[m[38;2;167;105;60m[48;2;167;105;60m▀[m[38;2;166;104;59m[48;2;166;104;59m▀[m[38;2;166;104;59m[48;2;165;103;59m▀[m[38;2;166;104;59m[48;2;165;103;59m▀[m[38;2;166;104;59m[48;2;166;104;59m▀[m[38;2;166;104;59m[48;2;166;104;59m▀[m[38;2;165;103;59m[48;2;165;103;59m▀[m[38;2;165;103;59m[48;2;165;103;59m▀[m[38;2;166;104;59m[48;2;166;104;59m▀[m[38;2;166;104;59m[48;2;165;103;59m▀[m[38;2;166;104;59m[48;2;165;103;59m▀[m[38;2;165;103;58m[48;2;165;103;59m▀[m[38;2;165;103;59m[48;2;165;103;59m▀[m[38;2;165;103;59m[48;2;165;103;59m▀[m[38;2;165;103;59m[48;2;165;103;59m▀[m[38;2;165;103;59m[48;2;165;103;59m▀[m[38;2;166;104;60m[48;2;165;103;59m▀[m[38;2;163;102;60m[48;2;167;105;61m▀[m[38;2;81;53;34m[48;2;169;109;68m▀[m[38;2;29;20;14m[48;2;90;62;42m▀[m[38;2;4;3;3m[48;2;22;18;14m▀[m[38;2;0;0;0m[48;2;0;0;0m▀[m[38;2;0;0;0m[48;2;0;0;0m▀[m[38;2;0;0;0m[48;2;0;0;0m▀[m[38;2;0;0;0m[48;2;0;0;0m▀[m[38;2;0;0;0m[48;2;0;0;0m▀[m[38;2;0;0;0m[48;2;0;0;0m▀[m[38;2;0;0;0m[48;2;0;0;0m▀[m[38;2;0;0;0m[48;2;0;0;0m▀[m[38;2;0;0;0m[48;2;0;0;0m▀[m[38;2;0;0;0m[48;2;0;0;0m▀[m[38;2;0;0;0m[48;2;0;0;0m▀[m
[38;2;0;0;0m[48;2;0;0;0m▀[m[38;2;0;0;0m[48;2;0;0;0m▀[m[38;2;0;0;0m[48;2;0;0;0m▀[m[38;2;0;0;0m[48;2;0;0;0m▀[m[38;2;0;0;0m[48;2;0;0;0m▀[m[38;2;0;0;0m[48;2;0;0;0m▀[m[38;2;0;0;0m[48;2;0;0;0m▀[m[38;2;0;0;0m[48;2;8;6;3m▀[m[38;2;0;0;0m[48;2;39;25;16m▀[m[38;2;3;2;1m[48;2;84;53;32m▀[m[38;2;16;10;5m[48;2;115;71;40m▀[m[38;2;15;9;5m[48;2;114;71;41m▀[m[38;2;33;20;11m[48;2;122;75;43m▀[m[38;2;86;53;30m[48;2;142;88;50m▀[m[38;2;151;95;54m[48;2;165;103;59m▀[m[38;2;167;105;61m[48;2;165;103;59m▀[m[38;2;166;104;60m[48;2;165;103;59m▀[m[38;2;166;104;60m[48;2;165;103;59m▀[m[38;2;167;105;60m[48;2;165;103;59m▀[m[38;2;166;104;60m[48;2;165;103;59m▀[m[38;2;166;104;60m[48;2;165;103;59m▀[m[38;2;166;104;60m[48;2;165;103;59m▀[m[38;2;166;104;60m[48;2;165;103;59m▀[m[38;2;166;104;60m[48;2;166;104;59m▀[m[38;2;166;104;59m[48;2;167;105;60m▀[m[38;2;166;104;59m[48;2;167;105;60m▀[m[38;2;166;104;60m[48;2;165;103;59m▀[m[38;2;166;104;60m[48;2;165;103;59m▀[m[38;2;166;104;60m[48;2;165;103;59m▀[m[38;2;166;104;60m[48;2;165;103;59m▀[m[38;2;166;104;60m[48;2;165;103;59m▀[m[38;2;166;104;60m[48;2;165;103;59m▀[m[38;2;166;104;60m[48;2;165;103;59m▀[m[38;2;166;104;60m[48;2;165;103;59m▀[m[38;2;166;104;60m[48;2;165;103;59m▀[m[38;2;167;105;61m[48;2;165;103;59m▀[m[38;2;169;106;62m[48;2;166;103;59m▀[m[38;2;123;77;45m[48;2;155;97;56m▀[m[38;2;55;35;20m[48;2;112;69;39m▀[m[38;2;0;0;0m[48;2;58;34;16m▀[m[38;2;0;0;0m[48;2;55;34;20m▀[m[38;2;0;0;0m[48;2;11;6;4m▀[m[38;2;0;0;0m[48;2;0;0;0m▀[m[38;2;0;0;0m[48;2;0;0;0m▀[m[38;2;0;0;0m[48;2;0;0;0m▀[m[38;2;0;0;0m[48;2;0;0;0m▀[m[38;2;0;0;0m[48;2;0;0;0m▀[m[38;2;0;0;0m[48;2;0;0;0m▀[m[38;2;0;0;0m[48;2;0;0;0m▀[m[38;2;0;0;0m[48;2;0;0;0m▀[m
[38;2;0;0;0m[48;2;0;0;0m▀[m[38;2;0;0;0m[48;2;0;0;0m▀[m[38;2;0;0;0m[48;2;0;0;0m▀[m[38;2;0;0;0m[48;2;0;0;0m▀[m[38;2;0;0;0m[48;2;0;0;0m▀[m[38;2;0;0;0m[48;2;0;0;0m▀[m[38;2;9;6;5m[48;2;43;28;18m▀[m[38;2;59;39;24m[48;2;124;80;49m▀[m[38;2;110;71;43m[48;2;169;108;63m▀[m[38;2;145;92;54m[48;2;166;104;60m▀[m[38;2;167;104;60m[48;2;167;105;61m▀[m[38;2;167;104;60m[48;2;166;104;60m▀[m[38;2;167;104;60m[48;2;166;104;60m▀[m[38;2;166;104;60m[48;2;166;104;60m▀[m[38;2;166;104;60m[48;2;166;104;60m▀[m[38;2;165;103;59m[48;2;165;103;59m▀[m[38;2;165;103;59m[48;2;165;103;59m▀[m[38;2;165;103;59m[48;2;139;87;50m▀[m[38;2;165;103;59m[48;2;122;76;43m▀[m[38;2;165;103;59m[48;2;131;81;46m▀[m[38;2;165;103;59m[48;2;165;103;59m▀[m[38;2;165;103;59m[48;2;165;103;59m▀[m[38;2;165;103;59m[48;2;165;103;59m▀[m[38;2;165;103;59m[48;2;165;103;59m▀[m[38;2;166;104;59m[48;2;165;103;59m▀[m[38;2;166;104;59m[48;2;165;103;59m▀[m[38;2;165;103;59m[48;2;165;103;59m▀[m[38;2;165;103;59m[48;2;165;103;59m▀[m[38;2;165;103;59m[48;2;148;92;53m▀[m[38;2;165;103;59m[48;2;122;76;43m▀[m[38;2;165;103;59m[48;2;122;76;43m▀[m[38;2;165;103;59m[48;2;156;97;56m▀[m[38;2;165;103;59m[48;2;165;103;59m▀[m[38;2;165;103;59m[48;2;165;103;59m▀[m[38;2;165;103;59m[48;2;165;103;59m▀[m[38;2;165;103;59m[48;2;165;103;59m▀[m[38;2;165;103;59m[48;2;165;103;59m▀[m[38;2;167;104;60m[48;2;165;103;59m▀[m[38;2;151;94;53m[48;2;162;100;56m▀[m[38;2;125;76;41m[48;2;160;98;54m▀[m[38;2;122;77;44m[48;2;167;105;61m▀[m[38;2;73;45;26m[48;2;148;92;53m▀[m[38;2;26;16;9m[48;2;75;46;26m▀[m[38;2;1;1;0m[48;2;17;10;6m▀[m[38;2;0;0;0m[48;2;0;0;0m▀[m[38;2;0;0;0m[48;2;0;0;0m▀[m[38;2;0;0;0m[48;2;0;0;0m▀[m[38;2;0;0;0m[48;2;0;0;0m▀[m[38;2;0;0;0m[48;2;0;0;0m▀[m[38;2;0;0;0m[48;2;0;0;0m▀[m
[38;2;0;0;0m[48;2;0;0;0m▀[m[38;2;0;0;0m[48;2;0;0;0m▀[m[38;2;0;0;0m[48;2;0;0;0m▀[m[38;2;0;0;0m[48;2;0;0;0m▀[m[38;2;1;1;1m[48;2;21;15;10m▀[m[38;2;9;7;5m[48;2;109;75;51m▀[m[38;2;112;70;42m[48;2;155;98;58m▀[m[38;2;156;98;57m[48;2;166;103;59m▀[m[38;2;167;105;60m[48;2;165;103;59m▀[m[38;2;165;104;60m[48;2;165;103;59m▀[m[38;2;166;104;60m[48;2;165;103;59m▀[m[38;2;163;101;57m[48;2;158;96;52m▀[m[38;2;162;100;56m[48;2;146;84;40m▀[m[38;2;164;102;58m[48;2;150;88;44m▀[m[38;2;166;104;60m[48;2;166;104;60m▀[m[38;2;166;104;60m[48;2;165;103;59m▀[m[38;2;166;104;60m[48;2;165;103;59m▀[m[38;2;66;41;24m[48;2;66;41;23m▀[m[38;2;0;0;0m[48;2;0;0;0m▀[m[38;2;33;20;12m[48;2;33;20;12m▀[m[38;2;167;105;61m[48;2;167;105;61m▀[m[38;2;166;104;60m[48;2;166;104;60m▀[m[38;2;166;104;60m[48;2;166;104;59m▀[m[38;2;166;104;60m[48;2;165;103;59m▀[m[38;2;166;104;60m[48;2;165;103;59m▀[m[38;2;166;104;60m[48;2;165;103;59m▀[m[38;2;166;104;60m[48;2;165;103;59m▀[m[38;2;166;104;60m[48;2;165;103;59m▀[m[38;2;100;62;36m[48;2;99;61;35m▀[m[38;2;0;0;0m[48;2;0;0;0m▀[m[38;2;0;0;0m[48;2;0;0;0m▀[m[38;2;132;83;48m[48;2;132;83;48m▀[m[38;2;166;104;60m[48;2;165;103;59m▀[m[38;2;166;104;60m[48;2;165;103;59m▀[m[38;2;166;104;60m[48;2;165;103;59m▀[m[38;2;166;104;60m[48;2;165;103;59m▀[m[38;2;166;104;60m[48;2;166;104;60m▀[m[38;2;164;102;58m[48;2;150;88;44m▀[m[38;2;152;90;46m[48;2;146;84;40m▀[m[38;2;142;81;37m[48;2;158;96;52m▀[m[38;2;166;104;60m[48;2;165;103;59m▀[m[38;2;169;106;61m[48;2;165;103;59m▀[m[38;2;127;79;46m[48;2;166;105;61m▀[m[38;2;60;37;22m[48;2;113;73;44m▀[m[38;2;1;1;0m[48;2;25;18;13m▀[m[38;2;0;0;0m[48;2;0;0;0m▀[m[38;2;0;0;0m[48;2;0;0;0m▀[m[38;2;0;0;0m[48;2;0;0;0m▀[m[38;2;0;0;0m[48;2;0;0;0m▀[m[38;2;0;0;0m[48;2;0;0;0m▀[m
[38;2;0;0;0m[48;2;0;0;0m▀[m[38;2;0;0;0m[48;2;0;0;0m▀[m[38;2;0;0;0m[48;2;0;0;0m▀[m[38;2;3;2;1m[48;2;23;14;8m▀[m[38;2;37;23;13m[48;2;80;50;28m▀[m[38;2;154;98;59m[48;2;167;104;59m▀[m[38;2;164;103;60m[48;2;166;104;60m▀[m[38;2;166;104;60m[48;2;166;104;60m▀[m[38;2;166;104;60m[48;2;167;105;61m▀[m[38;2;166;104;60m[48;2;167;105;60m▀[m[38;2;166;104;60m[48;2;167;105;61m▀[m[38;2;160;98;54m[48;2;162;100;56m▀[m[38;2;144;83;39m[48;2;145;84;40m▀[m[38;2;147;85;42m[48;2;141;79;36m▀[m[38;2;166;103;60m[48;2;154;92;48m▀[m[38;2;166;104;60m[48;2;167;105;61m▀[m[38;2;167;105;60m[48;2;169;106;61m▀[m[38;2;67;42;24m[48;2;116;73;42m▀[m[38;2;0;0;0m[48;2;80;50;29m▀[m[38;2;33;20;12m[48;2;98;61;35m▀[m[38;2;167;105;61m[48;2;167;105;60m▀[m[38;2;166;104;60m[48;2;167;105;60m▀[m[38;2;166;104;60m[48;2;166;104;60m▀[m[38;2;166;104;60m[48;2;166;104;60m▀[m[38;2;166;104;60m[48;2;166;104;60m▀[m[38;2;166;104;60m[48;2;167;105;61m▀[m[38;2;165;103;59m[48;2;166;104;60m▀[m[38;2;166;104;59m[48;2;166;104;60m▀[m[38;2;99;62;35m[48;2;132;83;47m▀[m[38;2;0;0;0m[48;2;80;50;29m▀[m[38;2;0;0;0m[48;2;80;50;29m▀[m[38;2;132;83;48m[48;2;149;93;53m▀[m[38;2;166;104;59m[48;2;166;104;60m▀[m[38;2;166;104;59m[48;2;166;105;60m▀[m[38;2;166;104;60m[48;2;166;104;60m▀[m[38;2;166;104;60m[48;2;166;104;60m▀[m[38;2;165;103;60m[48;2;165;103;60m▀[m[38;2;147;85;42m[48;2;147;85;41m▀[m[38;2;144;83;39m[48;2;144;83;39m▀[m[38;2;161;99;55m[48;2;161;99;55m▀[m[38;2;166;104;60m[48;2;167;105;61m▀[m[38;2;165;103;59m[48;2;166;104;60m▀[m[38;2;169;106;61m[48;2;166;104;60m▀[m[38;2;145;93;56m[48;2;163;104;61m▀[m[38;2;84;57;37m[48;2;127;82;50m▀[m[38;2;0;0;0m[48;2;5;3;1m▀[m[38;2;0;0;0m[48;2;1;0;0m▀[m[38;2;0;0;0m[48;2;0;0;0m▀[m[38;2;0;0;0m[48;2;0;0;0m▀[m[38;2;0;0;0m[48;2;0;0;0m▀[m
[38;2;0;0;0m[48;2;0;0;0m▀[m[38;2;0;0;0m[48;2;0;0;0m▀[m[38;2;0;0;0m[48;2;3;2;1m▀[m[38;2;44;26;14m[48;2;50;28;14m▀[m[38;2;121;73;41m[48;2;126;74;37m▀[m[38;2;167;105;61m[48;2;167;105;61m▀[m[38;2;167;105;60m[48;2;166;105;61m▀[m[38;2;167;105;61m[48;2;167;105;60m▀[m[38;2;167;105;61m[48;2;167;104;60m▀[m[38;2;166;105;60m[48;2;166;105;61m▀[m[38;2;167;105;61m[48;2;167;105;61m▀[m[38;2;160;99;55m[48;2;155;95;55m▀[m[38;2;139;79;39m[48;2;121;68;37m▀[m[38;2;129;70;29m[48;2;112;59;27m▀[m[38;2;141;80;36m[48;2;137;77;35m▀[m[38;2;167;105;61m[48;2;166;104;60m▀[m[38;2;168;105;61m[48;2;166;103;60m▀[m[38;2;167;101;61m[48;2;165;89;60m▀[m[38;2;163;99;59m[48;2;154;81;56m▀[m[38;2;160;101;58m[48;2;146;89;52m▀[m[38;2;168;105;60m[48;2;170;106;61m▀[m[38;2;128;80;46m[48;2;45;28;16m▀[m[38;2;142;89;51m[48;2;81;50;28m▀[m[38;2;161;101;58m[48;2;136;85;48m▀[m[38;2;166;104;60m[48;2;153;96;55m▀[m[38;2;167;105;61m[48;2;152;95;55m▀[m[38;2;163;102;59m[48;2;142;89;50m▀[m[38;2;136;85;48m[48;2;64;40;22m▀[m[38;2;137;86;49m[48;2;74;47;27m▀[m[38;2;165;104;59m[48;2;161;101;58m▀[m[38;2;159;100;57m[48;2;140;84;50m▀[m[38;2;165;100;59m[48;2;161;86;58m▀[m[38;2;166;102;59m[48;2;165;96;59m▀[m[38;2;166;104;60m[48;2;165;103;60m▀[m[38;2;164;103;60m[48;2;158;98;56m▀[m[38;2;153;94;54m[48;2;120;68;39m▀[m[38;2;156;95;51m[48;2;126;69;30m▀[m[38;2;148;86;42m[48;2;148;86;43m▀[m[38;2;150;88;44m[48;2;163;101;56m▀[m[38;2;163;101;57m[48;2;166;104;60m▀[m[38;2;167;105;61m[48;2;167;105;61m▀[m[38;2;166;105;61m[48;2;167;105;61m▀[m[38;2;166;104;60m[48;2;166;104;60m▀[m[38;2;169;106;61m[48;2;165;103;59m▀[m[38;2;151;95;55m[48;2;167;105;60m▀[m[38;2;61;38;22m[48;2;180;113;65m▀[m[38;2;12;7;4m[48;2;37;23;13m▀[m[38;2;0;0;0m[48;2;0;0;0m▀[m[38;2;0;0;0m[48;2;0;0;0m▀[m[38;2;0;0;0m[48;2;0;0;0m▀[m
[38;2;0;0;0m[48;2;0;0;0m▀[m[38;2;0;0;0m[48;2;5;3;2m▀[m[38;2;30;18;11m[48;2;88;57;34m▀[m[38;2;91;55;30m[48;2;151;96;56m▀[m[38;2;155;94;51m[48;2;164;101;57m▀[m[38;2;167;105;61m[48;2;166;104;60m▀[m[38;2;167;105;61m[48;2;166;104;60m▀[m[38;2;167;105;61m[48;2;166;104;60m▀[m[38;2;167;105;60m[48;2;167;105;61m▀[m[38;2;166;105;61m[48;2;167;105;60m▀[m[38;2;167;105;61m[48;2;167;105;61m▀[m[38;2;151;94;53m[48;2;105;58;33m▀[m[38;2;100;54;31m[48;2;75;35;21m▀[m[38;2;77;35;20m[48;2;67;29;17m▀[m[38;2;102;55;30m[48;2;77;36;21m▀[m[38;2;162;102;58m[48;2;103;57;32m▀[m[38;2;166;105;60m[48;2;146;90;52m▀[m[38;2;157;77;57m[48;2;160;94;58m▀[m[38;2;149;59;54m[48;2;161;90;58m▀[m[38;2;151;69;55m[48;2;161;92;58m▀[m[38;2;167;105;61m[48;2;167;105;61m▀[m[38;2;144;90;51m[48;2;163;102;59m▀[m[38;2;63;39;22m[48;2;135;84;48m▀[m[38;2;14;9;5m[48;2;115;72;41m▀[m[38;2;16;10;5m[48;2;115;71;41m▀[m[38;2;16;10;5m[48;2;115;73;41m▀[m[38;2;15;9;5m[48;2;115;72;41m▀[m[38;2;81;51;29m[48;2;141;88;51m▀[m[38;2;143;90;53m[48;2;161;101;59m▀[m[38;2;163;97;63m[48;2;164;101;60m▀[m[38;2;148;60;53m[48;2;160;88;57m▀[m[38;2;150;60;54m[48;2;160;89;57m▀[m[38;2;163;89;59m[48;2;143;83;50m▀[m[38;2;155;96;55m[48;2;113;64;36m▀[m[38;2;119;69;38m[48;2;81;39;22m▀[m[38;2;72;32;18m[48;2;67;28;16m▀[m[38;2;73;32;17m[48;2;67;28;16m▀[m[38;2;134;79;45m[48;2;112;62;36m▀[m[38;2;171;108;62m[48;2;152;93;53m▀[m[38;2;166;104;60m[48;2;167;104;60m▀[m[38;2;167;105;61m[48;2;167;105;61m▀[m[38;2;167;105;61m[48;2;167;105;61m▀[m[38;2;166;104;60m[48;2;167;105;61m▀[m[38;2;166;104;60m[48;2;166;104;60m▀[m[38;2;166;104;60m[48;2;166;104;60m▀[m[38;2;167;104;60m[48;2;166;104;60m▀[m[38;2;45;26;15m[48;2;120;73;40m▀[m[38;2;5;2;1m[48;2;62;38;22m▀[m[38;2;0;0;0m[48;2;18;12;8m▀[m[38;2;0;0;0m[48;2;0;0;0m▀[m
[38;2;0;0;0m[48;2;0;0;0m▀[m[38;2;35;22;12m[48;2;84;53;30m▀[m[38;2;123;78;46m[48;2;144;90;52m▀[m[38;2;170;107;62m[48;2;167;103;59m▀[m[38;2;162;100;56m[48;2;159;97;53m▀[m[38;2;164;102;58m[48;2;154;92;48m▀[m[38;2;166;104;60m[48;2;161;100;56m▀[m[38;2;166;104;60m[48;2;165;103;59m▀[m[38;2;166;104;60m[48;2;166;104;60m▀[m[38;2;166;104;60m[48;2;165;104;60m▀[m[38;2;165;103;59m[48;2;160;100;58m▀[m[38;2;85;43;25m[48;2;84;42;25m▀[m[38;2;66;28;17m[48;2;66;28;17m▀[m[38;2;66;28;17m[48;2;66;28;17m▀[m[38;2;67;29;17m[48;2;66;27;16m▀[m[38;2;72;33;19m[48;2;66;27;16m▀[m[38;2;110;62;36m[48;2;78;37;21m▀[m[38;2;146;90;52m[48;2;121;71;41m▀[m[38;2;165;103;60m[48;2;156;97;57m▀[m[38;2;166;104;60m[48;2;167;105;61m▀[m[38;2;167;105;61m[48;2;167;105;61m▀[m[38;2;167;105;61m[48;2;167;105;60m▀[m[38;2;166;104;60m[48;2;166;104;60m▀[m[38;2;165;103;59m[48;2;166;104;60m▀[m[38;2;164;103;59m[48;2;166;104;60m▀[m[38;2;165;104;60m[48;2;166;104;60m▀[m[38;2;165;103;60m[48;2;166;104;60m▀[m[38;2;166;104;60m[48;2;166;104;60m▀[m[38;2;166;104;60m[48;2;166;104;60m▀[m[38;2;166;103;60m[48;2;167;105;61m▀[m[38;2;166;103;60m[48;2;168;105;61m▀[m[38;2;152;93;53m[48;2;123;71;40m▀[m[38;2;113;63;36m[48;2;83;40;23m▀[m[38;2;80;38;22m[48;2;65;26;15m▀[m[38;2;67;27;15m[48;2;66;27;15m▀[m[38;2;67;28;16m[48;2;66;27;15m▀[m[38;2;67;28;16m[48;2;66;27;15m▀[m[38;2;102;56;32m[48;2;90;47;26m▀[m[38;2;143;86;49m[48;2;130;77;44m▀[m[38;2;167;105;60m[48;2;165;103;59m▀[m[38;2;167;105;61m[48;2;166;104;60m▀[m[38;2;167;105;61m[48;2;166;104;60m▀[m[38;2;167;105;61m[48;2;166;104;60m▀[m[38;2;167;105;61m[48;2;166;104;60m▀[m[38;2;167;105;61m[48;2;166;104;60m▀[m[38;2;167;105;61m[48;2;167;105;61m▀[m[38;2;160;99;56m[48;2;164;102;57m▀[m[38;2;119;75;44m[48;2;157;99;58m▀[m[38;2;56;36;22m[48;2;95;62;37m▀[m[38;2;1;1;0m[48;2;11;7;5m▀[m
[38;2;0;0;0m[48;2;0;0;0m▀[m[38;2;133;84;48m[48;2;133;84;48m▀[m[38;2;166;104;60m[48;2;166;104;60m▀[m[38;2;167;105;61m[48;2;166;104;60m▀[m[38;2;161;100;56m[48;2;165;103;59m▀[m[38;2;138;77;33m[48;2;159;97;53m▀[m[38;2;150;89;45m[48;2;141;79;35m▀[m[38;2;161;99;55m[48;2;148;86;42m▀[m[38;2;166;104;60m[48;2;160;98;54m▀[m[38;2;164;103;60m[48;2;166;104;60m▀[m[38;2;152;97;56m[48;2;164;103;59m▀[m[38;2;83;41;24m[48;2;84;41;24m▀[m[38;2;65;27;16m[48;2;65;27;16m▀[m[38;2;66;28;17m[48;2;66;28;17m▀[m[38;2;66;27;16m[48;2;66;27;16m▀[m[38;2;66;27;15m[48;2;66;27;15m▀[m[38;2;66;27;15m[48;2;65;27;15m▀[m[38;2;93;49;29m[48;2;56;28;19m▀[m[38;2;130;79;46m[48;2;70;43;30m▀[m[38;2;161;101;58m[48;2;109;69;46m▀[m[38;2;165;103;59m[48;2;142;89;53m▀[m[38;2;166;104;60m[48;2;159;101;60m▀[m[38;2;166;104;60m[48;2;164;104;61m▀[m[38;2;166;104;59m[48;2;166;104;59m▀[m[38;2;165;103;59m[48;2;165;103;59m▀[m[38;2;165;103;59m[48;2;165;103;59m▀[m[38;2;165;103;59m[48;2;165;103;59m▀[m[38;2;166;104;60m[48;2;166;104;60m▀[m[38;2;165;103;60m[48;2;160;101;59m▀[m[38;2;162;102;59m[48;2;126;81;51m▀[m[38;2;151;94;55m[48;2;22;19;20m▀[m[38;2;78;39;24m[48;2;16;14;18m▀[m[38;2;64;27;16m[48;2;46;22;16m▀[m[38;2;67;28;16m[48;2;67;28;16m▀[m[38;2;66;27;15m[48;2;66;27;15m▀[m[38;2;66;27;15m[48;2;66;27;15m▀[m[38;2;66;27;15m[48;2;66;27;15m▀[m[38;2;67;28;16m[48;2;67;28;16m▀[m[38;2;103;55;32m[48;2;99;53;30m▀[m[38;2;159;99;57m[48;2;152;94;54m▀[m[38;2;165;103;59m[48;2;166;104;60m▀[m[38;2;165;103;59m[48;2;166;104;60m▀[m[38;2;165;103;59m[48;2;166;104;60m▀[m[38;2;165;103;59m[48;2;167;105;61m▀[m[38;2;164;103;59m[48;2;162;100;56m▀[m[38;2;162;101;57m[48;2;137;76;32m▀[m[38;2;155;93;49m[48;2;156;94;50m▀[m[38;2;169;105;60m[48;2;168;104;59m▀[m[38;2;121;78;47m[48;2;135;86;50m▀[m[38;2;35;24;16m[48;2;80;52;33m▀[m
[38;2;0;0;0m[48;2;0;0;0m▀[m[38;2;133;84;48m[48;2;133;84;48m▀[m[38;2;166;104;60m[48;2;167;105;61m▀[m[38;2;166;104;60m[48;2;166;104;60m▀[m[38;2;165;103;59m[48;2;165;103;59m▀[m[38;2;165;103;59m[48;2;165;103;59m▀[m[38;2;154;92;48m[48;2;163;101;57m▀[m[38;2;144;83;39m[48;2;156;94;50m▀[m[38;2;148;87;43m[48;2;150;88;44m▀[m[38;2;163;101;56m[48;2;150;88;44m▀[m[38;2;167;106;61m[48;2;169;104;59m▀[m[38;2;86;43;25m[48;2;86;43;25m▀[m[38;2;65;27;16m[48;2;66;28;17m▀[m[38;2;66;28;16m[48;2;66;28;16m▀[m[38;2;66;27;16m[48;2;66;28;16m▀[m[38;2;66;27;16m[48;2;67;28;16m▀[m[38;2;65;27;16m[48;2;66;28;16m▀[m[38;2;38;20;17m[48;2;44;22;16m▀[m[38;2;25;20;20m[48;2;22;16;17m▀[m[38;2;35;26;24m[48;2;11;13;18m▀[m[38;2;45;32;27m[48;2;12;13;18m▀[m[38;2;49;35;29m[48;2;12;13;18m▀[m[38;2;119;76;47m[48;2;51;34;25m▀[m[38;2;166;104;60m[48;2;76;48;28m▀[m[38;2;165;104;60m[48;2;74;46;27m▀[m[38;2;166;104;60m[48;2;74;46;27m▀[m[38;2;166;104;60m[48;2;74;46;27m▀[m[38;2;114;73;44m[48;2;47;32;23m▀[m[38;2;67;45;32m[48;2;22;18;20m▀[m[38;2;40;30;26m[48;2;11;13;18m▀[m[38;2;12;13;18m[48;2;12;13;18m▀[m[38;2;12;13;18m[48;2;12;13;18m▀[m[38;2;20;15;17m[48;2;12;13;18m▀[m[38;2;42;21;16m[48;2;33;18;17m▀[m[38;2;66;27;15m[48;2;66;27;15m▀[m[38;2;66;27;15m[48;2;66;27;15m▀[m[38;2;66;27;15m[48;2;66;27;15m▀[m[38;2;67;28;16m[48;2;67;28;16m▀[m[38;2;96;50;29m[48;2;85;42;25m▀[m[38;2;145;88;50m[48;2;123;73;44m▀[m[38;2;166;104;60m[48;2;166;104;60m▀[m[38;2;166;104;60m[48;2;166;104;60m▀[m[38;2;166;104;60m[48;2;156;94;50m▀[m[38;2;158;96;52m[48;2;143;82;38m▀[m[38;2;142;80;36m[48;2;138;77;33m▀[m[38;2;135;74;30m[48;2;152;90;46m▀[m[38;2;159;97;53m[48;2;163;101;57m▀[m[38;2;168;105;61m[48;2;168;105;60m▀[m[38;2;144;91;52m[48;2;149;94;55m▀[m[38;2;104;66;39m[48;2;119;77;45m▀[m
[38;2;0;0;0m[48;2;0;0;0m▀[m[38;2;133;84;48m[48;2;121;76;44m▀[m[38;2;167;105;61m[48;2;160;101;58m▀[m[38;2;166;104;60m[48;2;166;104;60m▀[m[38;2;165;102;59m[48;2;165;103;59m▀[m[38;2;165;103;59m[48;2;165;103;59m▀[m[38;2;166;104;60m[48;2;165;103;59m▀[m[38;2;166;104;60m[48;2;166;104;60m▀[m[38;2;159;96;52m[48;2;162;100;57m▀[m[38;2;141;81;39m[48;2;129;78;43m▀[m[38;2;120;72;38m[48;2;26;14;5m▀[m[38;2;76;36;21m[48;2;49;21;12m▀[m[38;2;66;28;17m[48;2;61;26;15m▀[m[38;2;66;28;17m[48;2;65;28;17m▀[m[38;2;66;28;16m[48;2;63;27;16m▀[m[38;2;66;28;16m[48;2;55;23;14m▀[m[38;2;66;28;16m[48;2;55;23;14m▀[m[38;2;53;25;16m[48;2;49;23;15m▀[m[38;2;36;20;16m[48;2;44;22;15m▀[m[38;2;23;16;17m[48;2;44;22;15m▀[m[38;2;23;16;17m[48;2;45;23;16m▀[m[38;2;23;16;17m[48;2;45;23;16m▀[m[38;2;12;8;9m[48;2;21;10;7m▀[m[38;2;3;2;2m[48;2;3;1;1m▀[m[38;2;0;0;0m[48;2;0;0;0m▀[m[38;2;0;0;0m[48;2;0;0;0m▀[m[38;2;0;0;0m[48;2;0;0;0m▀[m[38;2;13;9;10m[48;2;25;12;9m▀[m[38;2;23;16;17m[48;2;43;21;15m▀[m[38;2;22;16;17m[48;2;42;22;16m▀[m[38;2;22;15;16m[48;2;42;20;14m▀[m[38;2;22;16;17m[48;2;42;21;15m▀[m[38;2;23;15;17m[48;2;43;21;15m▀[m[38;2;40;20;16m[48;2;49;22;14m▀[m[38;2;66;27;15m[48;2;60;25;14m▀[m[38;2;66;27;15m[48;2;67;28;16m▀[m[38;2;66;27;15m[48;2;67;28;16m▀[m[38;2;67;28;16m[48;2;67;28;16m▀[m[38;2;73;33;20m[48;2;63;26;15m▀[m[38;2;97;53;32m[48;2;71;32;16m▀[m[38;2;155;93;49m[48;2;120;66;27m▀[m[38;2;155;93;49m[48;2;137;76;33m▀[m[38;2;142;81;37m[48;2;140;78;34m▀[m[38;2;139;78;34m[48;2;150;88;44m▀[m[38;2;150;88;44m[48;2;165;103;59m▀[m[38;2;166;104;60m[48;2;165;103;59m▀[m[38;2;165;103;59m[48;2;165;103;59m▀[m[38;2;167;105;60m[48;2;168;105;60m▀[m[38;2;148;93;54m[48;2;140;87;50m▀[m[38;2;116;74;45m[48;2;94;58;34m▀[m
[38;2;0;0;0m[48;2;0;0;0m▀[m[38;2;59;35;20m[48;2;17;11;6m▀[m[38;2;129;80;46m[48;2;109;68;39m▀[m[38;2;166;104;60m[48;2;166;104;60m▀[m[38;2;165;103;59m[48;2;166;104;60m▀[m[38;2;166;104;60m[48;2;167;105;61m▀[m[38;2;166;104;60m[48;2;166;104;60m▀[m[38;2;166;104;60m[48;2;166;104;60m▀[m[38;2;133;84;49m[48;2;112;70;41m▀[m[38;2;67;43;26m[48;2;24;14;8m▀[m[38;2;0;0;0m[48;2;0;0;0m▀[m[38;2;3;0;0m[48;2;0;0;0m▀[m[38;2;41;17;10m[48;2;9;3;2m▀[m[38;2;66;28;17m[48;2;14;6;3m▀[m[38;2;53;22;13m[48;2;11;5;3m▀[m[38;2;2;0;0m[48;2;0;0;0m▀[m[38;2;2;0;0m[48;2;0;0;0m▀[m[38;2;27;14;9m[48;2;6;3;2m▀[m[38;2;44;22;15m[48;2;24;12;8m▀[m[38;2;44;22;15m[48;2;45;23;16m▀[m[38;2;45;23;16m[48;2;45;23;16m▀[m[38;2;45;23;16m[48;2;17;8;6m▀[m[38;2;18;9;6m[48;2;4;2;1m▀[m[38;2;0;0;0m[48;2;0;0;0m▀[m[38;2;0;0;0m[48;2;0;0;0m▀[m[38;2;0;0;0m[48;2;0;0;0m▀[m[38;2;0;0;0m[48;2;0;0;0m▀[m[38;2;25;12;9m[48;2;5;2;2m▀[m[38;2;43;21;15m[48;2;23;11;8m▀[m[38;2;42;21;15m[48;2;43;21;15m▀[m[38;2;42;20;14m[48;2;43;21;15m▀[m[38;2;42;21;15m[48;2;43;21;15m▀[m[38;2;43;21;15m[48;2;23;11;8m▀[m[38;2;31;16;11m[48;2;7;3;2m▀[m[38;2;25;12;9m[48;2;5;3;2m▀[m[38;2;67;28;16m[48;2;17;7;5m▀[m[38;2;67;28;16m[48;2;18;7;4m▀[m[38;2;67;28;16m[48;2;16;6;3m▀[m[38;2;46;19;10m[48;2;10;4;2m▀[m[38;2;23;10;5m[48;2;4;2;1m▀[m[38;2;49;29;15m[48;2;10;6;3m▀[m[38;2;147;91;51m[48;2;113;70;40m▀[m[38;2;167;104;59m[48;2;156;98;57m▀[m[38;2;165;103;59m[48;2;167;105;60m▀[m[38;2;166;104;60m[48;2;165;103;59m▀[m[38;2;166;104;60m[48;2;166;104;60m▀[m[38;2;166;104;59m[48;2;166;104;59m▀[m[38;2;169;106;61m[48;2;171;107;62m▀[m[38;2;130;81;47m[48;2;116;73;43m▀[m[38;2;68;42;24m[48;2;29;18;10m▀[m
[38;2;0;0;0m[48;2;0;0;0m▀[m[38;2;2;2;1m[48;2;0;0;0m▀[m[38;2;50;32;18m[48;2;7;5;2m▀[m[38;2;116;73;42m[48;2;48;31;17m▀[m[38;2;167;105;61m[48;2;102;64;37m▀[m[38;2;167;105;61m[48;2;103;64;37m▀[m[38;2;136;85;49m[48;2;70;43;25m▀[m[38;2;106;67;39m[48;2;38;24;15m▀[m[38;2;57;36;22m[48;2;13;9;6m▀[m[38;2;5;3;1m[48;2;0;0;0m▀[m[38;2;0;0;0m[48;2;0;0;0m▀[m[38;2;0;0;0m[48;2;0;0;0m▀[m[38;2;0;0;0m[48;2;0;0;0m▀[m[38;2;0;0;0m[48;2;0;0;0m▀[m[38;2;0;0;0m[48;2;0;0;0m▀[m[38;2;0;0;0m[48;2;0;0;0m▀[m[38;2;0;0;0m[48;2;0;0;0m▀[m[38;2;0;0;0m[48;2;0;0;0m▀[m[38;2;7;3;2m[48;2;0;0;0m▀[m[38;2;18;9;6m[48;2;0;0;0m▀[m[38;2;18;9;6m[48;2;0;0;0m▀[m[38;2;3;1;1m[48;2;0;0;0m▀[m[38;2;0;0;0m[48;2;0;0;0m▀[m[38;2;0;0;0m[48;2;0;0;0m▀[m[38;2;0;0;0m[48;2;0;0;0m▀[m[38;2;0;0;0m[48;2;0;0;0m▀[m[38;2;0;0;0m[48;2;0;0;0m▀[m[38;2;0;0;0m[48;2;0;0;0m▀[m[38;2;7;3;2m[48;2;0;0;0m▀[m[38;2;23;11;8m[48;2;5;2;1m▀[m[38;2;43;21;15m[48;2;26;12;9m▀[m[38;2;23;11;8m[48;2;5;2;1m▀[m[38;2;7;3;2m[48;2;0;0;0m▀[m[38;2;0;0;0m[48;2;0;0;0m▀[m[38;2;0;0;0m[48;2;0;0;0m▀[m[38;2;1;0;0m[48;2;0;0;0m▀[m[38;2;1;0;0m[48;2;0;0;0m▀[m[38;2;0;0;0m[48;2;0;0;0m▀[m[38;2;0;0;0m[48;2;0;0;0m▀[m[38;2;0;0;0m[48;2;0;0;0m▀[m[38;2;0;0;0m[48;2;0;0;0m▀[m[38;2;50;31;18m[48;2;7;4;2m▀[m[38;2;118;74;43m[48;2;63;39;23m▀[m[38;2;160;100;58m[48;2;124;78;46m▀[m[38;2;167;104;60m[48;2;159;100;60m▀[m[38;2;167;105;60m[48;2;148;92;53m▀[m[38;2;169;106;61m[48;2;131;83;50m▀[m[38;2;147;94;57m[48;2;88;58;37m▀[m[38;2;82;54;34m[48;2;37;25;17m▀[m[38;2;7;5;2m[48;2;0;0;0m▀[m
[m[38;2;0;0;0m▀[m[m[38;2;0;0;0m▀[m[m[38;2;0;0;0m▀[m[m[38;2;0;0;0m▀[m[m[38;2;1;1;0m▀[m[m[38;2;2;1;0m▀[m[m[38;2;0;0;0m▀[m[m[38;2;0;0;0m▀[m[m[38;2;0;0;0m▀[m[m[38;2;0;0;0m▀[m[m[38;2;0;0;0m▀[m[m[38;2;0;0;0m▀[m[m[38;2;0;0;0m▀[m[m[38;2;0;0;0m▀[m[m[38;2;0;0;0m▀[m[m[38;2;0;0;0m▀[m[m[38;2;0;0;0m▀[m[m[38;2;0;0;0m▀[m[m[38;2;0;0;0m▀[m[m[38;2;0;0;0m▀[m[m[38;2;0;0;0m▀[m[m[38;2;0;0;0m▀[m[m[38;2;0;0;0m▀[m[m[38;2;0;0;0m▀[m[m[38;2;0;0;0m▀[m[m[38;2;0;0;0m▀[m[m[38;2;0;0;0m▀[m[m[38;2;0;0;0m▀[m[m[38;2;0;0;0m▀[m[m[38;2;0;0;0m▀[m[m[38;2;0;0;0m▀[m[m[38;2;0;0;0m▀[m[m[38;2;0;0;0m▀[m[m[38;2;0;0;0m▀[m[m[38;2;0;0;0m▀[m[m[38;2;0;0;0m▀[m[m[38;2;0;0;0m▀[m[m[38;2;0;0;0m▀[m[m[38;2;0;0;0m▀[m[m[38;2;0;0;0m▀[m[m[38;2;0;0;0m▀[m[m[38;2;0;0;0m▀[m[m[38;2;15;10;7m▀[m[m[38;2;75;49;32m▀[m[m[38;2;143;92;58m▀[m[m[38;2;115;71;42m▀[m[m[38;2;66;45;31m▀[m[m[38;2;22;15;11m▀[m[m[38;2;0;0;0m▀[m[m[38;2;0;0;0m▀[m
