[38;2;0;0;0m[48;2;0;0;0m▀[m[38;2;0;0;0m[48;2;0;0;0m▀[m[38;2;0;0;0m[48;2;0;0;0m▀[m[38;2;0;0;0m[48;2;0;0;0m▀[m[38;2;0;0;0m[48;2;0;0;0m▀[m[38;2;0;0;0m[48;2;0;0;0m▀[m[38;2;0;0;0m[48;2;0;0;0m▀[m[38;2;0;0;0m[48;2;0;0;0m▀[m[38;2;0;0;0m[48;2;0;0;0m▀[m[38;2;0;0;0m[48;2;0;0;0m▀[m[38;2;0;0;0m[48;2;0;0;0m▀[m[38;2;0;0;0m[48;2;0;0;0m▀[m[38;2;0;0;0m[48;2;0;0;0m▀[m[38;2;0;0;0m[48;2;0;0;0m▀[m[38;2;0;0;0m[48;2;0;0;0m▀[m[38;2;0;0;0m[48;2;0;0;0m▀[m[38;2;0;0;0m[48;2;0;0;0m▀[m[38;2;0;0;0m[48;2;0;0;0m▀[m[38;2;0;0;0m[48;2;0;0;0m▀[m[38;2;0;0;0m[48;2;0;0;0m▀[m[38;2;0;0;0m[48;2;0;0;0m▀[m[38;2;0;0;0m[48;2;0;0;0m▀[m[38;2;0;0;0m[48;2;0;0;0m▀[m[38;2;0;0;0m[48;2;0;0;0m▀[m[38;2;0;0;0m[48;2;0;0;0m▀[m[38;2;0;0;0m[48;2;0;0;0m▀[m[38;2;0;0;0m[48;2;0;0;0m▀[m[38;2;0;0;0m[48;2;0;0;0m▀[m[38;2;0;0;0m[48;2;0;0;0m▀[m[38;2;0;0;0m[48;2;0;0;0m▀[m[38;2;0;0;0m[48;2;0;0;0m▀[m[38;2;0;0;0m[48;2;0;0;0m▀[m[38;2;0;0;0m[48;2;0;0;0m▀[m[38;2;0;0;0m[48;2;0;0;0m▀[m[38;2;0;0;0m[48;2;0;0;0m▀[m[38;2;0;0;0m[48;2;0;0;0m▀[m[38;2;0;0;0m[48;2;0;0;0m▀[m[38;2;0;0;0m[48;2;0;0;0m▀[m[38;2;0;0;0m[48;2;0;0;0m▀[m[38;2;0;0;0m[48;2;0;0;0m▀[m[38;2;0;0;0m[48;2;0;0;0m▀[m[38;2;0;0;0m[48;2;0;0;0m▀[m[38;2;0;0;0m[48;2;0;0;0m▀[m[38;2;0;0;0m[48;2;0;0;0m▀[m[38;2;0;0;0m[48;2;0;0;0m▀[m[38;2;0;0;0m[48;2;0;0;0m▀[m[38;2;0;0;0m[48;2;0;0;0m▀[m[38;2;0;0;0m[48;2;0;0;0m▀[m[38;2;0;0;0m[48;2;0;0;0m▀[m[38;2;0;0;0m[48;2;0;0;0m▀[m[38;2;0;0;0m[48;2;0;0;0m▀[m[38;2;0;0;0m[48;2;0;0;0m▀[m[38;2;0;0;0m[48;2;0;0;0m▀[m[38;2;0;0;0m[48;2;0;0;0m▀[m[38;2;0;0;0m[48;2;0;0;0m▀[m[38;2;0;0;0m[48;2;0;0;0m▀[m[38;2;0;0;0m[48;2;0;0;0m▀[m[38;2;0;0;0m[48;2;0;0;0m▀[m[38;2;0;0;0m[48;2;0;0;0m▀[m[38;2;0;0;0m[48;2;0;0;0m▀[m[38;2;0;0;0m[48;2;0;0;0m▀[m[38;2;0;0;0m[48;2;0;0;0m▀[m[38;2;0;0;0m[48;2;0;0;0m▀[m[38;2;0;0;0m[48;2;0;0;0m▀[m[38;2;0;0;0m[48;2;0;0;0m▀[m[38;2;0;0;0m[48;2;0;0;0m▀[m[38;2;0;0;0m[48;2;0;0;0m▀[m[38;2;0;0;0m[48;2;0;0;0m▀[m[38;2;0;0;0m[48;2;0;0;0m▀[m[38;2;0;0;0m[48;2;0;0;0m▀[m[38;2;0;0;0m[48;2;0;0;0m▀[m[38;2;0;0;0m[48;2;0;0;0m▀[m[38;2;0;0;0m[48;2;0;0;0m▀[m[38;2;0;0;0m[48;2;0;0;0m▀[m[38;2;1;0;0m[48;2;0;0;0m▀[m
[38;2;0;0;0m[48;2;0;0;0m▀[m[38;2;0;0;0m[48;2;0;0;0m▀[m[38;2;0;0;0m[48;2;0;0;0m▀[m[38;2;0;0;0m[48;2;0;0;0m▀[m[38;2;0;0;0m[48;2;0;0;0m▀[m[38;2;0;0;0m[48;2;0;0;0m▀[m[38;2;0;0;0m[48;2;0;0;0m▀[m[38;2;0;0;0m[48;2;0;0;0m▀[m[38;2;0;0;0m[48;2;0;0;0m▀[m[38;2;0;0;0m[48;2;0;0;0m▀[m[38;2;0;0;0m[48;2;0;0;0m▀[m[38;2;0;0;0m[48;2;0;0;0m▀[m[38;2;0;0;0m[48;2;0;0;0m▀[m[38;2;0;0;0m[48;2;0;0;0m▀[m[38;2;0;0;0m[48;2;0;0;0m▀[m[38;2;0;0;0m[48;2;0;0;0m▀[m[38;2;0;0;0m[48;2;0;0;0m▀[m[38;2;0;0;0m[48;2;0;0;0m▀[m[38;2;0;0;0m[48;2;0;0;0m▀[m[38;2;0;0;0m[48;2;0;0;0m▀[m[38;2;0;0;0m[48;2;0;0;0m▀[m[38;2;0;0;0m[48;2;0;0;0m▀[m[38;2;0;0;0m[48;2;0;0;0m▀[m[38;2;0;0;0m[48;2;0;0;0m▀[m[38;2;0;0;0m[48;2;0;0;0m▀[m[38;2;0;0;0m[48;2;0;0;0m▀[m[38;2;0;0;0m[48;2;0;0;0m▀[m[38;2;0;0;0m[48;2;0;0;0m▀[m[38;2;0;0;0m[48;2;0;0;0m▀[m[38;2;0;0;0m[48;2;0;0;0m▀[m[38;2;0;0;0m[48;2;0;0;0m▀[m[38;2;0;0;0m[48;2;0;0;0m▀[m[38;2;0;0;0m[48;2;0;0;0m▀[m[38;2;0;0;0m[48;2;0;0;0m▀[m[38;2;0;0;0m[48;2;0;0;0m▀[m[38;2;0;0;0m[48;2;0;0;0m▀[m[38;2;0;0;0m[48;2;0;0;0m▀[m[38;2;0;0;0m[48;2;0;0;0m▀[m[38;2;0;0;0m[48;2;0;0;0m▀[m[38;2;0;0;0m[48;2;0;0;0m▀[m[38;2;0;0;0m[48;2;0;0;0m▀[m[38;2;0;0;0m[48;2;0;0;0m▀[m[38;2;0;0;0m[48;2;0;0;0m▀[m[38;2;0;0;0m[48;2;0;0;0m▀[m[38;2;0;0;0m[48;2;0;0;0m▀[m[38;2;0;0;0m[48;2;0;0;0m▀[m[38;2;0;0;0m[48;2;0;0;0m▀[m[38;2;0;0;0m[48;2;0;0;0m▀[m[38;2;0;0;0m[48;2;0;0;0m▀[m[38;2;0;0;0m[48;2;0;0;0m▀[m[38;2;0;0;0m[48;2;0;0;0m▀[m[38;2;0;0;0m[48;2;0;0;0m▀[m[38;2;0;0;0m[48;2;0;0;0m▀[m[38;2;0;0;0m[48;2;0;0;0m▀[m[38;2;0;0;0m[48;2;0;0;0m▀[m[38;2;0;0;0m[48;2;0;0;0m▀[m[38;2;0;0;0m[48;2;0;0;0m▀[m[38;2;0;0;0m[48;2;0;0;0m▀[m[38;2;0;0;0m[48;2;0;0;0m▀[m[38;2;0;0;0m[48;2;0;0;0m▀[m[38;2;0;0;0m[48;2;0;0;0m▀[m[38;2;0;0;0m[48;2;0;0;0m▀[m[38;2;0;0;0m[48;2;0;0;0m▀[m[38;2;0;0;0m[48;2;0;0;0m▀[m[38;2;0;0;0m[48;2;0;0;0m▀[m[38;2;0;0;0m[48;2;0;0;0m▀[m[38;2;0;0;0m[48;2;0;0;0m▀[m[38;2;0;0;0m[48;2;0;0;0m▀[m[38;2;0;0;0m[48;2;0;0;0m▀[m[38;2;0;0;0m[48;2;0;0;0m▀[m[38;2;0;0;0m[48;2;0;0;0m▀[m[38;2;0;0;0m[48;2;0;0;0m▀[m[38;2;0;0;0m[48;2;0;0;0m▀[m[38;2;0;0;0m[48;2;0;0;0m▀[m[38;2;0;0;0m[48;2;0;0;0m▀[m
[38;2;0;0;0m[48;2;0;0;0m▀[m[38;2;0;0;0m[48;2;0;0;0m▀[m[38;2;0;0;0m[48;2;0;0;0m▀[m[38;2;0;0;0m[48;2;0;0;0m▀[m[38;2;0;0;0m[48;2;0;0;0m▀[m[38;2;0;0;0m[48;2;0;0;0m▀[m[38;2;0;0;0m[48;2;0;0;0m▀[m[38;2;0;0;0m[48;2;0;0;0m▀[m[38;2;0;0;0m[48;2;0;0;0m▀[m[38;2;0;0;0m[48;2;0;0;0m▀[m[38;2;0;0;0m[48;2;0;0;0m▀[m[38;2;0;0;0m[48;2;0;0;0m▀[m[38;2;0;0;0m[48;2;0;0;0m▀[m[38;2;0;0;0m[48;2;0;0;0m▀[m[38;2;0;0;0m[48;2;0;0;0m▀[m[38;2;0;0;0m[48;2;0;0;0m▀[m[38;2;0;0;0m[48;2;0;0;0m▀[m[38;2;0;0;0m[48;2;0;0;0m▀[m[38;2;0;0;0m[48;2;0;0;0m▀[m[38;2;0;0;0m[48;2;0;0;0m▀[m[38;2;0;0;0m[48;2;0;0;0m▀[m[38;2;0;0;0m[48;2;0;0;0m▀[m[38;2;0;0;0m[48;2;0;0;0m▀[m[38;2;0;0;0m[48;2;0;0;0m▀[m[38;2;0;0;0m[48;2;0;0;0m▀[m[38;2;0;0;0m[48;2;0;0;0m▀[m[38;2;0;0;0m[48;2;0;0;0m▀[m[38;2;0;0;0m[48;2;0;0;0m▀[m[38;2;0;0;0m[48;2;0;0;0m▀[m[38;2;0;0;0m[48;2;0;0;0m▀[m[38;2;0;0;0m[48;2;0;0;0m▀[m[38;2;0;0;0m[48;2;0;0;0m▀[m[38;2;0;0;0m[48;2;0;0;0m▀[m[38;2;0;0;0m[48;2;0;0;0m▀[m[38;2;0;0;0m[48;2;0;0;0m▀[m[38;2;0;0;0m[48;2;0;0;0m▀[m[38;2;0;0;0m[48;2;0;0;0m▀[m[38;2;0;0;0m[48;2;0;0;0m▀[m[38;2;0;0;0m[48;2;0;0;0m▀[m[38;2;0;0;0m[48;2;0;0;0m▀[m[38;2;0;0;0m[48;2;0;0;0m▀[m[38;2;0;0;0m[48;2;0;0;0m▀[m[38;2;0;0;0m[48;2;0;0;0m▀[m[38;2;0;0;0m[48;2;0;0;0m▀[m[38;2;0;0;0m[48;2;0;0;0m▀[m[38;2;0;0;0m[48;2;0;0;0m▀[m[38;2;0;0;0m[48;2;0;0;0m▀[m[38;2;0;0;0m[48;2;0;0;0m▀[m[38;2;0;0;0m[48;2;44;6;0m▀[m[38;2;0;0;0m[48;2;0;0;0m▀[m[38;2;0;0;0m[48;2;0;0;0m▀[m[38;2;0;0;0m[48;2;0;0;0m▀[m[38;2;0;0;0m[48;2;0;0;0m▀[m[38;2;0;0;0m[48;2;0;0;0m▀[m[38;2;0;0;0m[48;2;0;0;0m▀[m[38;2;0;0;0m[48;2;0;0;0m▀[m[38;2;0;0;0m[48;2;0;0;0m▀[m[38;2;0;0;0m[48;2;0;0;0m▀[m[38;2;0;0;0m[48;2;0;0;0m▀[m[38;2;0;0;0m[48;2;0;0;0m▀[m[38;2;0;0;0m[48;2;0;0;0m▀[m[38;2;0;0;0m[48;2;0;0;0m▀[m[38;2;0;0;0m[48;2;0;0;0m▀[m[38;2;0;0;0m[48;2;0;0;0m▀[m[38;2;0;0;0m[48;2;0;0;0m▀[m[38;2;0;0;0m[48;2;0;0;0m▀[m[38;2;0;0;0m[48;2;0;0;0m▀[m[38;2;0;0;0m[48;2;0;0;0m▀[m[38;2;0;0;0m[48;2;0;0;0m▀[m[38;2;0;0;0m[48;2;0;0;0m▀[m[38;2;0;0;0m[48;2;0;0;0m▀[m[38;2;0;0;0m[48;2;0;0;0m▀[m[38;2;0;0;0m[48;2;0;0;0m▀[m[38;2;0;0;0m[48;2;0;0;0m▀[m[38;2;0;0;0m[48;2;0;0;0m▀[m
[38;2;0;0;0m[48;2;0;0;0m▀[m[38;2;0;0;0m[48;2;0;0;0m▀[m[38;2;0;0;0m[48;2;0;0;0m▀[m[38;2;0;0;0m[48;2;0;0;0m▀[m[38;2;0;0;0m[48;2;0;0;0m▀[m[38;2;0;0;0m[48;2;0;0;0m▀[m[38;2;0;0;0m[48;2;0;0;0m▀[m[38;2;0;0;0m[48;2;0;0;0m▀[m[38;2;0;0;0m[48;2;0;0;0m▀[m[38;2;0;0;0m[48;2;0;0;0m▀[m[38;2;0;0;0m[48;2;0;0;0m▀[m[38;2;0;0;0m[48;2;0;0;0m▀[m[38;2;0;0;0m[48;2;0;0;0m▀[m[38;2;0;0;0m[48;2;0;0;0m▀[m[38;2;0;0;0m[48;2;0;0;0m▀[m[38;2;0;0;0m[48;2;0;0;0m▀[m[38;2;0;0;0m[48;2;0;0;0m▀[m[38;2;0;0;0m[48;2;0;0;0m▀[m[38;2;0;0;0m[48;2;0;0;0m▀[m[38;2;0;0;0m[48;2;0;0;0m▀[m[38;2;0;0;0m[48;2;0;0;0m▀[m[38;2;0;0;0m[48;2;0;0;0m▀[m[38;2;0;0;0m[48;2;0;0;0m▀[m[38;2;0;0;0m[48;2;0;0;0m▀[m[38;2;0;0;0m[48;2;0;0;0m▀[m[38;2;0;0;0m[48;2;0;0;0m▀[m[38;2;0;0;0m[48;2;0;0;0m▀[m[38;2;0;0;0m[48;2;0;0;0m▀[m[38;2;0;0;0m[48;2;0;0;0m▀[m[38;2;0;0;0m[48;2;0;0;0m▀[m[38;2;0;0;0m[48;2;0;0;0m▀[m[38;2;0;0;0m[48;2;0;0;0m▀[m[38;2;0;0;0m[48;2;0;0;0m▀[m[38;2;0;0;0m[48;2;0;0;0m▀[m[38;2;0;0;0m[48;2;0;0;0m▀[m[38;2;0;0;0m[48;2;0;0;0m▀[m[38;2;0;0;0m[48;2;0;0;0m▀[m[38;2;0;0;0m[48;2;0;0;0m▀[m[38;2;0;0;0m[48;2;0;0;0m▀[m[38;2;0;0;0m[48;2;0;0;0m▀[m[38;2;0;0;0m[48;2;0;0;0m▀[m[38;2;0;0;0m[48;2;1;0;0m▀[m[38;2;0;0;0m[48;2;0;0;0m▀[m[38;2;0;0;0m[48;2;0;0;0m▀[m[38;2;0;0;0m[48;2;0;0;0m▀[m[38;2;0;0;0m[48;2;0;0;0m▀[m[38;2;0;0;0m[48;2;0;0;0m▀[m[38;2;0;0;0m[48;2;11;1;0m▀[m[38;2;181;62;6m[48;2;200;69;5m▀[m[38;2;142;46;3m[48;2;206;70;5m▀[m[38;2;0;0;0m[48;2;0;0;0m▀[m[38;2;0;0;0m[48;2;0;0;0m▀[m[38;2;0;0;0m[48;2;0;0;0m▀[m[38;2;0;0;0m[48;2;0;0;0m▀[m[38;2;0;0;0m[48;2;0;0;0m▀[m[38;2;0;0;0m[48;2;0;0;0m▀[m[38;2;0;0;0m[48;2;0;0;0m▀[m[38;2;0;0;0m[48;2;0;0;0m▀[m[38;2;0;0;0m[48;2;0;0;0m▀[m[38;2;0;0;0m[48;2;0;0;0m▀[m[38;2;0;0;0m[48;2;0;0;0m▀[m[38;2;0;0;0m[48;2;0;0;0m▀[m[38;2;0;0;0m[48;2;0;0;0m▀[m[38;2;0;0;0m[48;2;0;0;0m▀[m[38;2;0;0;0m[48;2;0;0;0m▀[m[38;2;0;0;0m[48;2;0;0;0m▀[m[38;2;0;0;0m[48;2;0;0;0m▀[m[38;2;0;0;0m[48;2;0;0;0m▀[m[38;2;0;0;0m[48;2;0;0;0m▀[m[38;2;0;0;0m[48;2;0;0;0m▀[m[38;2;0;0;0m[48;2;0;0;0m▀[m[38;2;0;0;0m[48;2;0;0;0m▀[m[38;2;0;0;0m[48;2;0;0;0m▀[m[38;2;0;0;0m[48;2;0;0;0m▀[m[38;2;0;0;0m[48;2;0;0;0m▀[m
[38;2;0;0;0m[48;2;0;0;0m▀[m[38;2;0;0;0m[48;2;0;0;0m▀[m[38;2;0;0;0m[48;2;0;0;0m▀[m[38;2;0;0;0m[48;2;0;0;0m▀[m[38;2;0;0;0m[48;2;0;0;0m▀[m[38;2;0;0;0m[48;2;0;0;0m▀[m[38;2;0;0;0m[48;2;0;0;0m▀[m[38;2;0;0;0m[48;2;0;0;0m▀[m[38;2;0;0;0m[48;2;0;0;0m▀[m[38;2;0;0;0m[48;2;0;0;0m▀[m[38;2;0;0;0m[48;2;0;0;0m▀[m[38;2;0;0;0m[48;2;0;0;0m▀[m[38;2;0;0;0m[48;2;0;0;0m▀[m[38;2;0;0;0m[48;2;0;0;0m▀[m[38;2;0;0;0m[48;2;0;0;0m▀[m[38;2;0;0;0m[48;2;0;0;0m▀[m[38;2;0;0;0m[48;2;0;0;0m▀[m[38;2;0;0;0m[48;2;0;0;0m▀[m[38;2;0;0;0m[48;2;0;0;0m▀[m[38;2;0;0;0m[48;2;0;0;0m▀[m[38;2;0;0;0m[48;2;0;0;0m▀[m[38;2;0;0;0m[48;2;0;0;0m▀[m[38;2;0;0;0m[48;2;0;0;0m▀[m[38;2;0;0;0m[48;2;0;0;0m▀[m[38;2;0;0;0m[48;2;0;0;0m▀[m[38;2;0;0;0m[48;2;0;0;0m▀[m[38;2;0;0;0m[48;2;0;0;0m▀[m[38;2;0;0;0m[48;2;0;0;0m▀[m[38;2;0;0;0m[48;2;0;0;0m▀[m[38;2;0;0;0m[48;2;0;0;0m▀[m[38;2;0;0;0m[48;2;0;0;0m▀[m[38;2;0;0;0m[48;2;0;0;0m▀[m[38;2;0;0;0m[48;2;135;43;1m▀[m[38;2;6;1;0m[48;2;210;73;5m▀[m[38;2;99;27;1m[48;2;160;49;2m▀[m[38;2;121;31;0m[48;2;56;11;0m▀[m[38;2;50;7;0m[48;2;0;0;0m▀[m[38;2;0;0;0m[48;2;0;0;0m▀[m[38;2;0;0;0m[48;2;96;26;0m▀[m[38;2;0;0;0m[48;2;190;58;2m▀[m[38;2;154;44;3m[48;2;193;60;3m▀[m[38;2;59;11;1m[48;2;0;0;0m▀[m[38;2;0;0;0m[48;2;66;15;0m▀[m[38;2;0;0;0m[48;2;170;53;1m▀[m[38;2;0;0;0m[48;2;201;65;1m▀[m[38;2;3;0;0m[48;2;220;71;1m▀[m[38;2;99;28;0m[48;2;229;77;2m▀[m[38;2;190;61;2m[48;2;227;75;2m▀[m[38;2;225;77;5m[48;2;174;56;2m▀[m[38;2;177;58;2m[48;2;31;5;0m▀[m[38;2;0;0;0m[48;2;0;0;0m▀[m[38;2;0;0;0m[48;2;0;0;0m▀[m[38;2;0;0;0m[48;2;128;38;2m▀[m[38;2;0;0;0m[48;2;0;0;0m▀[m[38;2;0;0;0m[48;2;0;0;0m▀[m[38;2;0;0;0m[48;2;0;0;0m▀[m[38;2;0;0;0m[48;2;0;0;0m▀[m[38;2;0;0;0m[48;2;0;0;0m▀[m[38;2;0;0;0m[48;2;0;0;0m▀[m[38;2;0;0;0m[48;2;0;0;0m▀[m[38;2;0;0;0m[48;2;0;0;0m▀[m[38;2;0;0;0m[48;2;0;0;0m▀[m[38;2;0;0;0m[48;2;0;0;0m▀[m[38;2;0;0;0m[48;2;0;0;0m▀[m[38;2;0;0;0m[48;2;0;0;0m▀[m[38;2;0;0;0m[48;2;0;0;0m▀[m[38;2;0;0;0m[48;2;0;0;0m▀[m[38;2;0;0;0m[48;2;0;0;0m▀[m[38;2;0;0;0m[48;2;0;0;0m▀[m[38;2;0;0;0m[48;2;0;0;0m▀[m[38;2;0;0;0m[48;2;0;0;0m▀[m[38;2;0;0;0m[48;2;0;0;0m▀[m[38;2;0;0;0m[48;2;0;0;0m▀[m[38;2;0;0;0m[48;2;0;0;0m▀[m[38;2;0;0;0m[48;2;0;0;0m▀[m
[38;2;0;0;0m[48;2;0;0;0m▀[m[38;2;0;0;0m[48;2;0;0;0m▀[m[38;2;0;0;0m[48;2;0;0;0m▀[m[38;2;0;0;0m[48;2;0;0;0m▀[m[38;2;0;0;0m[48;2;0;0;0m▀[m[38;2;0;0;0m[48;2;0;0;0m▀[m[38;2;0;0;0m[48;2;0;0;0m▀[m[38;2;0;0;0m[48;2;0;0;0m▀[m[38;2;0;0;0m[48;2;0;0;0m▀[m[38;2;0;0;0m[48;2;0;0;0m▀[m[38;2;0;0;0m[48;2;0;0;0m▀[m[38;2;0;0;0m[48;2;0;0;0m▀[m[38;2;0;0;0m[48;2;0;0;0m▀[m[38;2;0;0;0m[48;2;0;0;0m▀[m[38;2;0;0;0m[48;2;0;0;0m▀[m[38;2;0;0;0m[48;2;0;0;0m▀[m[38;2;0;0;0m[48;2;0;0;0m▀[m[38;2;0;0;0m[48;2;0;0;0m▀[m[38;2;0;0;0m[48;2;0;0;0m▀[m[38;2;0;0;0m[48;2;0;0;0m▀[m[38;2;0;0;0m[48;2;0;0;0m▀[m[38;2;0;0;0m[48;2;0;0;0m▀[m[38;2;0;0;0m[48;2;0;0;0m▀[m[38;2;0;0;0m[48;2;122;35;0m▀[m[38;2;120;36;0m[48;2;226;74;1m▀[m[38;2;169;53;2m[48;2;220;74;2m▀[m[38;2;0;0;0m[48;2;15;1;0m▀[m[38;2;0;0;0m[48;2;0;0;0m▀[m[38;2;0;0;0m[48;2;0;0;0m▀[m[38;2;0;0;0m[48;2;0;0;0m▀[m[38;2;0;0;0m[48;2;0;0;0m▀[m[38;2;115;33;0m[48;2;185;58;2m▀[m[38;2;220;71;2m[48;2;140;40;1m▀[m[38;2;95;27;1m[48;2;0;0;0m▀[m[38;2;0;0;0m[48;2;29;3;0m▀[m[38;2;0;0;0m[48;2;176;56;0m▀[m[38;2;111;32;0m[48;2;230;78;1m▀[m[38;2;197;61;1m[48;2;228;77;1m▀[m[38;2;225;74;2m[48;2;196;65;1m▀[m[38;2;202;66;2m[48;2;42;7;0m▀[m[38;2;59;13;0m[48;2;22;2;0m▀[m[38;2;95;27;0m[48;2;207;66;1m▀[m[38;2;213;70;1m[48;2;228;78;2m▀[m[38;2;224;74;2m[48;2;227;77;1m▀[m[38;2;226;74;2m[48;2;228;77;1m▀[m[38;2;227;77;2m[48;2;226;75;1m▀[m[38;2;220;74;2m[48;2;217;71;1m▀[m[38;2;93;26;0m[48;2;121;30;0m▀[m[38;2;0;0;0m[48;2;110;33;0m▀[m[38;2;0;0;0m[48;2;124;33;0m▀[m[38;2;0;0;0m[48;2;179;56;1m▀[m[38;2;122;38;1m[48;2;228;77;3m▀[m[38;2;219;75;5m[48;2;227;76;2m▀[m[38;2;0;0;0m[48;2;46;8;0m▀[m[38;2;0;0;0m[48;2;0;0;0m▀[m[38;2;0;0;0m[48;2;0;0;0m▀[m[38;2;0;0;0m[48;2;0;0;0m▀[m[38;2;0;0;0m[48;2;0;0;0m▀[m[38;2;0;0;0m[48;2;0;0;0m▀[m[38;2;0;0;0m[48;2;0;0;0m▀[m[38;2;0;0;0m[48;2;0;0;0m▀[m[38;2;0;0;0m[48;2;0;0;0m▀[m[38;2;0;0;0m[48;2;0;0;0m▀[m[38;2;0;0;0m[48;2;0;0;0m▀[m[38;2;0;0;0m[48;2;0;0;0m▀[m[38;2;0;0;0m[48;2;0;0;0m▀[m[38;2;0;0;0m[48;2;0;0;0m▀[m[38;2;0;0;0m[48;2;0;0;0m▀[m[38;2;0;0;0m[48;2;0;0;0m▀[m[38;2;0;0;0m[48;2;0;0;0m▀[m[38;2;0;0;0m[48;2;0;0;0m▀[m[38;2;0;0;0m[48;2;0;0;0m▀[m[38;2;0;0;0m[48;2;0;0;0m▀[m[38;2;0;0;0m[48;2;0;0;0m▀[m[38;2;0;0;0m[48;2;0;0;0m▀[m
[38;2;0;0;0m[48;2;0;0;0m▀[m[38;2;0;0;0m[48;2;0;0;0m▀[m[38;2;0;0;0m[48;2;0;0;0m▀[m[38;2;0;0;0m[48;2;0;0;0m▀[m[38;2;0;0;0m[48;2;0;0;0m▀[m[38;2;0;0;0m[48;2;0;0;0m▀[m[38;2;0;0;0m[48;2;0;0;0m▀[m[38;2;0;0;0m[48;2;0;0;0m▀[m[38;2;0;0;0m[48;2;0;0;0m▀[m[38;2;0;0;0m[48;2;0;0;0m▀[m[38;2;0;0;0m[48;2;0;0;0m▀[m[38;2;0;0;0m[48;2;0;0;0m▀[m[38;2;0;0;0m[48;2;0;0;0m▀[m[38;2;0;0;0m[48;2;0;0;0m▀[m[38;2;0;0;0m[48;2;0;0;0m▀[m[38;2;0;0;0m[48;2;0;0;0m▀[m[38;2;0;0;0m[48;2;0;0;0m▀[m[38;2;0;0;0m[48;2;0;0;0m▀[m[38;2;0;0;0m[48;2;0;0;0m▀[m[38;2;0;0;0m[48;2;0;0;0m▀[m[38;2;0;0;0m[48;2;0;0;0m▀[m[38;2;0;0;0m[48;2;0;0;0m▀[m[38;2;41;6;0m[48;2;135;40;0m▀[m[38;2;218;70;1m[48;2;232;80;1m▀[m[38;2;233;81;1m[48;2;175;67;1m▀[m[38;2;231;78;1m[48;2;155;50;0m▀[m[38;2;154;50;0m[48;2;219;71;0m▀[m[38;2;114;34;1m[48;2;167;49;1m▀[m[38;2;167;49;1m[48;2;223;73;0m▀[m[38;2;0;0;0m[48;2;118;34;0m▀[m[38;2;0;0;0m[48;2;0;0;0m▀[m[38;2;95;30;1m[48;2;0;0;0m▀[m[38;2;0;0;0m[48;2;0;0;0m▀[m[38;2;11;1;0m[48;2;163;51;0m▀[m[38;2;194;63;0m[48;2;231;77;1m▀[m[38;2;233;80;1m[48;2;232;97;8m▀[m[38;2;231;81;1m[48;2;249;169;33m▀[m[38;2;228;82;2m[48;2;232;105;13m▀[m[38;2;49;8;0m[48;2;84;23;0m▀[m[38;2;0;0;0m[48;2;99;25;0m▀[m[38;2;157;47;0m[48;2;228;71;0m▀[m[38;2;229;76;1m[48;2;240;139;24m▀[m[38;2;247;161;32m[48;2;253;182;37m▀[m[38;2;228;75;1m[48;2;231;89;3m▀[m[38;2;235;109;11m[48;2;249;166;29m▀[m[38;2;234;85;1m[48;2;243;145;25m▀[m[38;2;230;75;0m[48;2;231;78;1m▀[m[38;2;232;79;1m[48;2;229;77;0m▀[m[38;2;231;80;1m[48;2;168;56;0m▀[m[38;2;222;74;1m[48;2;48;8;0m▀[m[38;2;176;66;1m[48;2;0;0;0m▀[m[38;2;242;121;8m[48;2;206;95;7m▀[m[38;2;230;76;1m[48;2;231;77;1m▀[m[38;2;47;9;0m[48;2;0;0;0m▀[m[38;2;0;0;0m[48;2;0;0;0m▀[m[38;2;3;0;0m[48;2;144;43;3m▀[m[38;2;0;0;0m[48;2;0;0;0m▀[m[38;2;0;0;0m[48;2;0;0;0m▀[m[38;2;0;0;0m[48;2;0;0;0m▀[m[38;2;0;0;0m[48;2;0;0;0m▀[m[38;2;0;0;0m[48;2;0;0;0m▀[m[38;2;0;0;0m[48;2;0;0;0m▀[m[38;2;0;0;0m[48;2;0;0;0m▀[m[38;2;0;0;0m[48;2;0;0;0m▀[m[38;2;0;0;0m[48;2;0;0;0m▀[m[38;2;0;0;0m[48;2;0;0;0m▀[m[38;2;0;0;0m[48;2;0;0;0m▀[m[38;2;0;0;0m[48;2;0;0;0m▀[m[38;2;0;0;0m[48;2;0;0;0m▀[m[38;2;0;0;0m[48;2;0;0;0m▀[m[38;2;0;0;0m[48;2;0;0;0m▀[m[38;2;0;0;0m[48;2;0;0;0m▀[m[38;2;0;0;0m[48;2;0;0;0m▀[m[38;2;0;0;0m[48;2;0;0;0m▀[m[38;2;0;0;0m[48;2;0;0;0m▀[m
[38;2;0;0;0m[48;2;0;0;0m▀[m[38;2;0;0;0m[48;2;0;0;0m▀[m[38;2;0;0;0m[48;2;0;0;0m▀[m[38;2;0;0;0m[48;2;0;0;0m▀[m[38;2;0;0;0m[48;2;0;0;0m▀[m[38;2;0;0;0m[48;2;0;0;0m▀[m[38;2;0;0;0m[48;2;0;0;0m▀[m[38;2;0;0;0m[48;2;0;0;0m▀[m[38;2;0;0;0m[48;2;0;0;0m▀[m[38;2;0;0;0m[48;2;0;0;0m▀[m[38;2;0;0;0m[48;2;0;0;0m▀[m[38;2;0;0;0m[48;2;0;0;0m▀[m[38;2;0;0;0m[48;2;0;0;0m▀[m[38;2;0;0;0m[48;2;0;0;0m▀[m[38;2;0;0;0m[48;2;0;0;0m▀[m[38;2;0;0;0m[48;2;0;0;0m▀[m[38;2;0;0;0m[48;2;0;0;0m▀[m[38;2;0;0;0m[48;2;0;0;0m▀[m[38;2;0;0;0m[48;2;0;0;0m▀[m[38;2;0;0;0m[48;2;0;0;0m▀[m[38;2;0;0;0m[48;2;50;10;0m▀[m[38;2;0;0;0m[48;2;44;8;0m▀[m[38;2;159;51;1m[48;2;172;58;1m▀[m[38;2;236;84;1m[48;2;212;73;0m▀[m[38;2;93;43;1m[48;2;0;0;0m▀[m[38;2;8;1;0m[48;2;145;59;0m▀[m[38;2;51;12;0m[48;2;175;66;0m▀[m[38;2;177;55;0m[48;2;51;13;0m▀[m[38;2;232;74;0m[48;2;116;37;0m▀[m[38;2;201;64;1m[48;2;218;70;0m▀[m[38;2;124;37;0m[48;2;205;68;0m▀[m[38;2;110;28;0m[48;2;187;59;0m▀[m[38;2;0;0;0m[48;2;76;22;0m▀[m[38;2;214;73;0m[48;2;230;78;0m▀[m[38;2;230;86;4m[48;2;242;142;25m▀[m[38;2;250;177;36m[48;2;253;187;38m▀[m[38;2;253;189;41m[48;2;253;190;43m▀[m[38;2;235;128;18m[48;2;253;185;38m▀[m[38;2;223;90;3m[48;2;253;185;37m▀[m[38;2;216;68;0m[48;2;251;176;33m▀[m[38;2;230;86;4m[48;2;249;171;31m▀[m[38;2;251;178;31m[48;2;252;182;32m▀[m[38;2;253;183;35m[48;2;253;185;36m▀[m[38;2;247;159;28m[48;2;253;185;35m▀[m[38;2;252;180;35m[48;2;252;185;39m▀[m[38;2;253;187;37m[48;2;184;134;26m▀[m[38;2;216;134;20m[48;2;21;11;0m▀[m[38;2;93;25;0m[48;2;144;50;0m▀[m[38;2;66;21;0m[48;2;229;85;0m▀[m[38;2;165;61;0m[48;2;198;77;0m▀[m[38;2;0;0;0m[48;2;0;0;0m▀[m[38;2;144;44;1m[48;2;68;15;0m▀[m[38;2;224;71;1m[48;2;232;77;1m▀[m[38;2;0;0;0m[48;2;141;45;1m▀[m[38;2;0;0;0m[48;2;120;35;0m▀[m[38;2;213;73;9m[48;2;226;77;6m▀[m[38;2;34;5;0m[48;2;49;10;0m▀[m[38;2;0;0;0m[48;2;0;0;0m▀[m[38;2;0;0;0m[48;2;0;0;0m▀[m[38;2;0;0;0m[48;2;0;0;0m▀[m[38;2;0;0;0m[48;2;87;64;40m▀[m[38;2;51;42;34m[48;2;128;108;91m▀[m[38;2;3;2;1m[48;2;111;96;82m▀[m[38;2;0;0;0m[48;2;105;89;77m▀[m[38;2;0;0;0m[48;2;47;39;33m▀[m[38;2;0;0;0m[48;2;0;0;0m▀[m[38;2;0;0;0m[48;2;0;0;0m▀[m[38;2;0;0;0m[48;2;0;0;0m▀[m[38;2;0;0;0m[48;2;0;0;0m▀[m[38;2;0;0;0m[48;2;0;0;0m▀[m[38;2;0;0;0m[48;2;0;0;0m▀[m[38;2;0;0;0m[48;2;0;0;0m▀[m[38;2;0;0;0m[48;2;0;0;0m▀[m[38;2;0;0;0m[48;2;0;0;0m▀[m[38;2;0;0;0m[48;2;0;0;0m▀[m
[38;2;0;0;0m[48;2;0;0;0m▀[m[38;2;0;0;0m[48;2;0;0;0m▀[m[38;2;0;0;0m[48;2;0;0;0m▀[m[38;2;0;0;0m[48;2;0;0;0m▀[m[38;2;0;0;0m[48;2;0;0;0m▀[m[38;2;0;0;0m[48;2;0;0;0m▀[m[38;2;0;0;0m[48;2;0;0;0m▀[m[38;2;0;0;0m[48;2;0;0;0m▀[m[38;2;0;0;0m[48;2;0;0;0m▀[m[38;2;0;0;0m[48;2;0;0;0m▀[m[38;2;0;0;0m[48;2;0;0;0m▀[m[38;2;0;0;0m[48;2;0;0;0m▀[m[38;2;0;0;0m[48;2;0;0;0m▀[m[38;2;0;0;0m[48;2;0;0;0m▀[m[38;2;0;0;0m[48;2;0;0;0m▀[m[38;2;0;0;0m[48;2;8;1;0m▀[m[38;2;0;0;0m[48;2;90;25;1m▀[m[38;2;0;0;0m[48;2;0;0;0m▀[m[38;2;0;0;0m[48;2;0;0;0m▀[m[38;2;0;0;0m[48;2;42;8;0m▀[m[38;2;179;53;1m[48;2;229;76;0m▀[m[38;2;33;4;0m[48;2;138;42;0m▀[m[38;2;171;56;1m[48;2;166;57;1m▀[m[38;2;173;56;0m[48;2;140;63;1m▀[m[38;2;0;0;0m[48;2;41;6;0m▀[m[38;2;76;27;0m[48;2;76;19;0m▀[m[38;2;239;97;0m[48;2;205;83;1m▀[m[38;2;223;92;0m[48;2;239;95;0m▀[m[38;2;109;37;0m[48;2;230;87;1m▀[m[38;2;68;15;0m[48;2;141;51;0m▀[m[38;2;207;70;0m[48;2;43;12;0m▀[m[38;2;235;84;0m[48;2;201;72;0m▀[m[38;2;230;79;0m[48;2;233;82;0m▀[m[38;2;234;80;0m[48;2;199;70;0m▀[m[38;2;245;156;31m[48;2;109;44;2m▀[m[38;2;223;169;38m[48;2;2;2;1m▀[m[38;2;193;145;34m[48;2;32;27;26m▀[m[38;2;198;147;32m[48;2;21;17;20m▀[m[38;2;207;155;33m[48;2;11;9;10m▀[m[38;2;231;168;33m[48;2;1;1;0m▀[m[38;2;252;185;36m[48;2;91;63;5m▀[m[38;2;253;184;35m[48;2;180;133;24m▀[m[38;2;253;185;36m[48;2;225;163;30m▀[m[38;2;247;182;37m[48;2;116;84;14m▀[m[38;2;142;103;19m[48;2;86;25;0m▀[m[38;2;52;12;0m[48;2;219;80;0m▀[m[38;2;197;71;0m[48;2;241;89;0m▀[m[38;2;240;91;0m[48;2;239;89;0m▀[m[38;2;240;94;0m[48;2;208;78;0m▀[m[38;2;125;47;0m[48;2;49;12;1m▀[m[38;2;81;23;0m[48;2;175;57;0m▀[m[38;2;0;0;0m[48;2;0;0;0m▀[m[38;2;216;77;1m[48;2;193;71;1m▀[m[38;2;232;80;1m[48;2;232;80;1m▀[m[38;2;228;76;1m[48;2;229;80;1m▀[m[38;2;198;66;2m[48;2;98;29;0m▀[m[38;2;0;0;0m[48;2;0;0;0m▀[m[38;2;0;0;0m[48;2;0;0;0m▀[m[38;2;0;0;0m[48;2;0;0;0m▀[m[38;2;0;0;0m[48;2;0;0;0m▀[m[38;2;149;117;84m[48;2;170;99;48m▀[m[38;2;98;84;74m[48;2;135;71;51m▀[m[38;2;1;1;0m[48;2;27;18;18m▀[m[38;2;46;39;32m[48;2;1;1;1m▀[m[38;2;100;87;76m[48;2;80;68;59m▀[m[38;2;49;41;35m[48;2;32;27;22m▀[m[38;2;0;0;0m[48;2;0;0;0m▀[m[38;2;0;0;0m[48;2;0;0;0m▀[m[38;2;0;0;0m[48;2;0;0;0m▀[m[38;2;0;0;0m[48;2;0;0;0m▀[m[38;2;0;0;0m[48;2;0;0;0m▀[m[38;2;0;0;0m[48;2;0;0;0m▀[m[38;2;0;0;0m[48;2;0;0;0m▀[m[38;2;0;0;0m[48;2;0;0;0m▀[m[38;2;0;0;0m[48;2;0;0;0m▀[m
[38;2;0;0;0m[48;2;0;0;0m▀[m[38;2;0;0;0m[48;2;0;0;0m▀[m[38;2;0;0;0m[48;2;0;0;0m▀[m[38;2;0;0;0m[48;2;0;0;0m▀[m[38;2;0;0;0m[48;2;0;0;0m▀[m[38;2;0;0;0m[48;2;0;0;0m▀[m[38;2;0;0;0m[48;2;0;0;0m▀[m[38;2;0;0;0m[48;2;0;0;0m▀[m[38;2;0;0;0m[48;2;0;0;0m▀[m[38;2;0;0;0m[48;2;0;0;0m▀[m[38;2;0;0;0m[48;2;0;0;0m▀[m[38;2;0;0;0m[48;2;0;0;0m▀[m[38;2;0;0;0m[48;2;0;0;0m▀[m[38;2;0;0;0m[48;2;0;0;0m▀[m[38;2;56;32;1m[48;2;162;93;4m▀[m[38;2;203;68;2m[48;2;215;71;2m▀[m[38;2;171;53;2m[48;2;53;9;0m▀[m[38;2;0;0;0m[48;2;0;0;0m▀[m[38;2;0;0;0m[48;2;0;0;0m▀[m[38;2;105;32;1m[48;2;75;19;0m▀[m[38;2;236;81;0m[48;2;237;83;1m▀[m[38;2;237;83;1m[48;2;234;82;1m▀[m[38;2;234;81;1m[48;2;238;86;1m▀[m[38;2;88;40;2m[48;2;10;2;0m▀[m[38;2;76;16;0m[48;2;96;27;0m▀[m[38;2;174;57;0m[48;2;231;83;0m▀[m[38;2;124;46;1m[48;2;74;23;0m▀[m[38;2;239;90;0m[48;2;184;65;0m▀[m[38;2;133;48;1m[48;2;174;61;0m▀[m[38;2;168;60;1m[48;2;0;0;0m▀[m[38;2;140;52;1m[48;2;85;28;0m▀[m[38;2;43;7;0m[48;2;0;0;0m▀[m[38;2;115;37;0m[48;2;48;42;38m▀[m[38;2;6;4;4m[48;2;95;83;76m▀[m[38;2;65;57;53m[48;2;99;88;83m▀[m[38;2;88;77;72m[48;2;63;56;59m▀[m[38;2;60;52;55m[48;2;54;47;52m▀[m[38;2;51;44;49m[48;2;44;39;43m▀[m[38;2;54;46;51m[48;2;29;25;28m▀[m[38;2;46;40;46m[48;2;4;3;3m▀[m[38;2;42;36;41m[48;2;5;4;4m▀[m[38;2;22;19;22m[48;2;13;10;13m▀[m[38;2;0;0;0m[48;2;117;39;0m▀[m[38;2;112;36;0m[48;2;233;88;0m▀[m[38;2;229;87;1m[48;2;238;91;0m▀[m[38;2;240;91;1m[48;2;239;92;0m▀[m[38;2;240;89;0m[48;2;218;80;0m▀[m[38;2;224;83;0m[48;2;96;27;0m▀[m[38;2;83;27;0m[48;2;0;0;0m▀[m[38;2;168;55;0m[48;2;206;72;0m▀[m[38;2;196;70;0m[48;2;226;80;0m▀[m[38;2;5;1;0m[48;2;103;34;0m▀[m[38;2;163;58;1m[48;2;155;83;8m▀[m[38;2;234;81;1m[48;2;233;80;1m▀[m[38;2;167;57;0m[48;2;184;59;0m▀[m[38;2;0;0;0m[48;2;177;57;1m▀[m[38;2;138;39;1m[48;2;207;68;2m▀[m[38;2;0;0;0m[48;2;0;0;0m▀[m[38;2;0;0;0m[48;2;0;0;0m▀[m[38;2;108;55;16m[48;2;139;69;29m▀[m[38;2;76;51;43m[48;2;83;41;23m▀[m[38;2;79;25;1m[48;2;144;62;6m▀[m[38;2;141;58;22m[48;2;67;24;1m▀[m[38;2;132;65;44m[48;2;55;20;10m▀[m[38;2;94;73;59m[48;2;87;35;11m▀[m[38;2;0;0;0m[48;2;0;0;0m▀[m[38;2;0;0;0m[48;2;0;0;0m▀[m[38;2;0;0;0m[48;2;0;0;0m▀[m[38;2;0;0;0m[48;2;0;0;0m▀[m[38;2;0;0;0m[48;2;0;0;0m▀[m[38;2;0;0;0m[48;2;0;0;0m▀[m[38;2;0;0;0m[48;2;0;0;0m▀[m[38;2;0;0;0m[48;2;0;0;0m▀[m[38;2;0;0;0m[48;2;0;0;0m▀[m[38;2;0;0;0m[48;2;0;0;0m▀[m
[38;2;0;0;0m[48;2;0;0;0m▀[m[38;2;0;0;0m[48;2;0;0;0m▀[m[38;2;0;0;0m[48;2;0;0;0m▀[m[38;2;0;0;0m[48;2;0;0;0m▀[m[38;2;0;0;0m[48;2;0;0;0m▀[m[38;2;0;0;0m[48;2;0;0;0m▀[m[38;2;0;0;0m[48;2;0;0;0m▀[m[38;2;0;0;0m[48;2;0;0;0m▀[m[38;2;0;0;0m[48;2;0;0;0m▀[m[38;2;0;0;0m[48;2;0;0;0m▀[m[38;2;0;0;0m[48;2;0;0;0m▀[m[38;2;0;0;0m[48;2;0;0;0m▀[m[38;2;0;0;0m[48;2;0;0;0m▀[m[38;2;0;0;0m[48;2;0;0;0m▀[m[38;2;153;83;3m[48;2;39;13;0m▀[m[38;2;173;55;0m[48;2;162;51;1m▀[m[38;2;0;0;0m[48;2;0;0;0m▀[m[38;2;48;6;0m[48;2;159;47;1m▀[m[38;2;0;0;0m[48;2;1;0;0m▀[m[38;2;0;0;0m[48;2;0;0;0m▀[m[38;2;214;72;0m[48;2;131;41;0m▀[m[38;2;234;79;0m[48;2;236;82;1m▀[m[38;2;232;84;1m[48;2;226;109;11m▀[m[38;2;0;0;0m[48;2;0;0;0m▀[m[38;2;150;50;0m[48;2;140;48;0m▀[m[38;2;211;79;0m[48;2;211;75;0m▀[m[38;2;64;16;0m[48;2;0;0;0m▀[m[38;2;11;2;0m[48;2;0;0;0m▀[m[38;2;160;52;0m[48;2;0;0;0m▀[m[38;2;59;8;0m[48;2;0;0;0m▀[m[38;2;0;0;0m[48;2;62;55;50m▀[m[38;2;54;46;43m[48;2;100;88;83m▀[m[38;2;99;88;82m[48;2;96;84;81m▀[m[38;2;104;92;86m[48;2;101;89;84m▀[m[38;2;78;70;69m[48;2;60;52;56m▀[m[38;2;52;46;51m[48;2;54;47;52m▀[m[38;2;56;48;54m[48;2;55;48;53m▀[m[38;2;48;41;45m[48;2;58;50;54m▀[m[38;2;32;27;30m[48;2;62;53;57m▀[m[38;2;0;0;0m[48;2;52;44;48m▀[m[38;2;0;0;0m[48;2;19;15;17m▀[m[38;2;88;27;0m[48;2;92;26;0m▀[m[38;2;229;90;1m[48;2;229;86;0m▀[m[38;2;240;93;0m[48;2;241;94;1m▀[m[38;2;240;96;1m[48;2;238;95;1m▀[m[38;2;236;91;0m[48;2;232;88;0m▀[m[38;2;214;79;0m[48;2;159;53;0m▀[m[38;2;111;41;0m[48;2;40;6;0m▀[m[38;2;0;0;0m[48;2;0;0;0m▀[m[38;2;133;47;1m[48;2;175;65;0m▀[m[38;2;236;86;0m[48;2;223;80;0m▀[m[38;2;39;9;0m[48;2;139;47;0m▀[m[38;2;151;105;23m[48;2;160;112;23m▀[m[38;2;231;86;3m[48;2;242;140;22m▀[m[38;2;227;75;1m[48;2;231;78;1m▀[m[38;2;224;76;3m[48;2;212;70;1m▀[m[38;2;170;55;1m[48;2;46;8;0m▀[m[38;2;0;0;0m[48;2;0;0;0m▀[m[38;2;67;26;1m[48;2;134;62;24m▀[m[38;2;155;74;41m[48;2;71;48;44m▀[m[38;2;107;43;5m[48;2;77;30;2m▀[m[38;2;199;89;8m[48;2;47;14;1m▀[m[38;2;46;15;1m[48;2;4;3;3m▀[m[38;2;51;43;41m[48;2;55;48;46m▀[m[38;2;1;1;1m[48;2;0;0;0m▀[m[38;2;0;0;0m[48;2;0;0;0m▀[m[38;2;0;0;0m[48;2;0;0;0m▀[m[38;2;0;0;0m[48;2;0;0;0m▀[m[38;2;0;0;0m[48;2;0;0;0m▀[m[38;2;0;0;0m[48;2;0;0;0m▀[m[38;2;0;0;0m[48;2;0;0;0m▀[m[38;2;0;0;0m[48;2;0;0;0m▀[m[38;2;0;0;0m[48;2;0;0;0m▀[m[38;2;0;0;0m[48;2;0;0;0m▀[m[38;2;0;0;0m[48;2;0;0;0m▀[m
[38;2;0;0;0m[48;2;0;0;0m▀[m[38;2;0;0;0m[48;2;0;0;0m▀[m[38;2;0;0;0m[48;2;0;0;0m▀[m[38;2;0;0;0m[48;2;0;0;0m▀[m[38;2;0;0;0m[48;2;0;0;0m▀[m[38;2;0;0;0m[48;2;0;0;0m▀[m[38;2;0;0;0m[48;2;0;0;0m▀[m[38;2;0;0;0m[48;2;0;0;0m▀[m[38;2;0;0;0m[48;2;0;0;0m▀[m[38;2;0;0;0m[48;2;0;0;0m▀[m[38;2;0;0;0m[48;2;0;0;0m▀[m[38;2;0;0;0m[48;2;0;0;0m▀[m[38;2;0;0;0m[48;2;0;0;0m▀[m[38;2;0;0;0m[48;2;0;0;0m▀[m[38;2;0;0;0m[48;2;0;0;0m▀[m[38;2;38;3;0m[48;2;0;0;0m▀[m[38;2;0;0;0m[48;2;0;0;0m▀[m[38;2;171;51;2m[48;2;63;13;0m▀[m[38;2;142;43;2m[48;2;144;42;1m▀[m[38;2;0;0;0m[48;2;0;0;0m▀[m[38;2;0;0;0m[48;2;0;0;0m▀[m[38;2;192;56;0m[48;2;65;15;0m▀[m[38;2;237;143;25m[48;2;230;124;18m▀[m[38;2;0;0;0m[48;2;29;16;2m▀[m[38;2;167;59;0m[48;2;137;44;0m▀[m[38;2;239;85;0m[48;2;237;86;0m▀[m[38;2;132;43;0m[48;2;163;52;0m▀[m[38;2;0;0;0m[48;2;4;0;0m▀[m[38;2;0;0;0m[48;2;40;34;30m▀[m[38;2;55;47;43m[48;2;79;68;63m▀[m[38;2;100;88;82m[48;2;67;59;55m▀[m[38;2;95;84;79m[48;2;43;37;33m▀[m[38;2;97;86;80m[48;2;96;84;78m▀[m[38;2;96;84;81m[48;2;95;83;80m▀[m[38;2;78;69;69m[48;2;73;64;65m▀[m[38;2;60;52;56m[48;2;59;52;57m▀[m[38;2;55;48;52m[48;2;56;49;54m▀[m[38;2;45;38;42m[48;2;51;44;50m▀[m[38;2;20;16;18m[48;2;45;39;43m▀[m[38;2;41;34;38m[48;2;8;6;7m▀[m[38;2;53;44;48m[48;2;9;6;8m▀[m[38;2;24;19;23m[48;2;43;36;40m▀[m[38;2;110;37;0m[48;2;18;14;16m▀[m[38;2;232;89;1m[48;2;92;30;0m▀[m[38;2;239;95;0m[48;2;150;53;0m▀[m[38;2;234;92;0m[48;2;65;21;0m▀[m[38;2;138;45;0m[48;2;0;0;0m▀[m[38;2;0;0;0m[48;2;0;0;0m▀[m[38;2;74;19;0m[48;2;114;36;0m▀[m[38;2;227;80;0m[48;2;220;77;0m▀[m[38;2;232;83;0m[48;2;140;45;0m▀[m[38;2;77;22;0m[48;2;0;1;0m▀[m[38;2;172;124;23m[48;2;207;151;32m▀[m[38;2;252;181;36m[48;2;247;162;31m▀[m[38;2;232;80;2m[48;2;229;76;1m▀[m[38;2;148;43;0m[48;2;208;67;1m▀[m[38;2;0;0;0m[48;2;101;32;1m▀[m[38;2;0;0;0m[48;2;108;60;17m▀[m[38;2;149;81;28m[48;2;106;64;50m▀[m[38;2;103;41;12m[48;2;49;15;1m▀[m[38;2;233;98;8m[48;2;105;39;2m▀[m[38;2;92;42;3m[48;2;11;3;0m▀[m[38;2;45;38;36m[48;2;58;50;47m▀[m[38;2;28;23;22m[48;2;0;0;0m▀[m[38;2;0;0;0m[48;2;0;0;0m▀[m[38;2;0;0;0m[48;2;0;0;0m▀[m[38;2;0;0;0m[48;2;0;0;0m▀[m[38;2;0;0;0m[48;2;0;0;0m▀[m[38;2;0;0;0m[48;2;0;0;0m▀[m[38;2;0;0;0m[48;2;0;0;0m▀[m[38;2;0;0;0m[48;2;0;0;0m▀[m[38;2;0;0;0m[48;2;0;0;0m▀[m[38;2;0;0;0m[48;2;0;0;0m▀[m[38;2;0;0;0m[48;2;0;0;0m▀[m[38;2;0;0;0m[48;2;0;0;0m▀[m
[38;2;0;0;0m[48;2;0;0;0m▀[m[38;2;0;0;0m[48;2;0;0;0m▀[m[38;2;0;0;0m[48;2;0;0;0m▀[m[38;2;0;0;0m[48;2;0;0;0m▀[m[38;2;0;0;0m[48;2;0;0;0m▀[m[38;2;0;0;0m[48;2;0;0;0m▀[m[38;2;0;0;0m[48;2;0;0;0m▀[m[38;2;0;0;0m[48;2;0;0;0m▀[m[38;2;0;0;0m[48;2;0;0;0m▀[m[38;2;0;0;0m[48;2;0;0;0m▀[m[38;2;0;0;0m[48;2;0;0;0m▀[m[38;2;0;0;0m[48;2;0;0;0m▀[m[38;2;0;0;0m[48;2;0;0;0m▀[m[38;2;0;0;0m[48;2;0;0;0m▀[m[38;2;0;0;0m[48;2;73;17;0m▀[m[38;2;50;8;0m[48;2;175;51;2m▀[m[38;2;56;10;1m[48;2;0;0;0m▀[m[38;2;0;0;0m[48;2;0;0;0m▀[m[38;2;0;0;0m[48;2;0;0;0m▀[m[38;2;0;0;0m[48;2;118;34;0m▀[m[38;2;36;5;0m[48;2;126;36;1m▀[m[38;2;3;0;0m[48;2;123;40;1m▀[m[38;2;220;99;9m[48;2;238;129;19m▀[m[38;2;126;86;16m[48;2;193;135;26m▀[m[38;2;177;64;0m[48;2;36;4;0m▀[m[38;2;237;86;0m[48;2;189;63;0m▀[m[38;2;213;78;0m[48;2;94;30;0m▀[m[38;2;44;11;0m[48;2;0;0;0m▀[m[38;2;20;16;12m[48;2;3;2;2m▀[m[38;2;0;0;0m[48;2;74;64;60m▀[m[38;2;58;49;44m[48;2;83;73;70m▀[m[38;2;91;80;76m[48;2;86;76;73m▀[m[38;2;74;65;64m[48;2;107;95;86m▀[m[38;2;68;59;61m[48;2;106;93;85m▀[m[38;2;60;52;57m[48;2;90;79;76m▀[m[38;2;60;52;57m[48;2;61;52;57m▀[m[38;2;56;48;53m[48;2;56;48;54m▀[m[38;2;33;28;31m[48;2;51;43;48m▀[m[38;2;49;42;47m[48;2;45;37;42m▀[m[38;2;50;43;48m[48;2;55;47;52m▀[m[38;2;17;13;16m[48;2;53;46;51m▀[m[38;2;0;0;0m[48;2;23;19;23m▀[m[38;2;26;21;24m[48;2;0;0;0m▀[m[38;2;1;0;1m[48;2;2;1;2m▀[m[38;2;0;0;0m[48;2;8;5;7m▀[m[38;2;0;0;0m[48;2;0;0;0m▀[m[38;2;0;0;0m[48;2;0;0;0m▀[m[38;2;0;0;0m[48;2;129;42;0m▀[m[38;2;147;48;0m[48;2;221;79;0m▀[m[38;2;236;85;0m[48;2;169;59;0m▀[m[38;2;193;68;0m[48;2;28;3;0m▀[m[38;2;50;31;2m[48;2;49;31;2m▀[m[38;2;244;170;38m[48;2;222;106;12m▀[m[38;2;235;101;10m[48;2;233;79;1m▀[m[38;2;228;77;1m[48;2;229;75;1m▀[m[38;2;225;76;2m[48;2;195;62;1m▀[m[38;2;91;28;1m[48;2;38;12;1m▀[m[38;2;154;70;23m[48;2;125;67;48m▀[m[38;2;61;30;26m[48;2;64;26;13m▀[m[38;2;200;81;6m[48;2;149;61;4m▀[m[38;2;118;45;1m[48;2;0;0;0m▀[m[38;2;29;24;22m[48;2;60;53;49m▀[m[38;2;52;45;42m[48;2;7;6;5m▀[m[38;2;0;0;0m[48;2;0;0;0m▀[m[38;2;0;0;0m[48;2;0;0;0m▀[m[38;2;0;0;0m[48;2;0;0;0m▀[m[38;2;0;0;0m[48;2;0;0;0m▀[m[38;2;0;0;0m[48;2;0;0;0m▀[m[38;2;0;0;0m[48;2;0;0;0m▀[m[38;2;0;0;0m[48;2;0;0;0m▀[m[38;2;0;0;0m[48;2;0;0;0m▀[m[38;2;0;0;0m[48;2;0;0;0m▀[m[38;2;0;0;0m[48;2;0;0;0m▀[m[38;2;0;0;0m[48;2;0;0;0m▀[m[38;2;0;0;0m[48;2;0;0;0m▀[m
[38;2;0;0;0m[48;2;0;0;0m▀[m[38;2;0;0;0m[48;2;0;0;0m▀[m[38;2;0;0;0m[48;2;0;0;0m▀[m[38;2;0;0;0m[48;2;0;0;0m▀[m[38;2;0;0;0m[48;2;0;0;0m▀[m[38;2;0;0;0m[48;2;0;0;0m▀[m[38;2;0;0;0m[48;2;0;0;0m▀[m[38;2;0;0;0m[48;2;0;0;0m▀[m[38;2;0;0;0m[48;2;0;0;0m▀[m[38;2;0;0;0m[48;2;0;0;0m▀[m[38;2;0;0;0m[48;2;0;0;0m▀[m[38;2;0;0;0m[48;2;0;0;0m▀[m[38;2;0;0;0m[48;2;0;0;0m▀[m[38;2;33;4;0m[48;2;150;47;1m▀[m[38;2;197;64;3m[48;2;222;75;4m▀[m[38;2;156;49;2m[48;2;191;61;2m▀[m[38;2;0;0;0m[48;2;0;0;0m▀[m[38;2;0;0;0m[48;2;0;0;0m▀[m[38;2;0;0;0m[48;2;0;0;0m▀[m[38;2;195;61;1m[48;2;206;65;1m▀[m[38;2;148;45;1m[48;2;171;54;1m▀[m[38;2;72;17;0m[48;2;0;0;0m▀[m[38;2;217;100;11m[48;2;77;21;0m▀[m[38;2;248;176;35m[48;2;226;122;15m▀[m[38;2;143;101;17m[48;2;217;156;30m▀[m[38;2;0;0;0m[48;2;0;0;0m▀[m[38;2;0;0;0m[48;2;0;0;0m▀[m[38;2;2;1;1m[48;2;51;43;40m▀[m[38;2;72;62;60m[48;2;57;50;52m▀[m[38;2;84;73;71m[48;2;101;89;82m▀[m[38;2;100;88;82m[48;2;56;49;44m▀[m[38;2;85;74;69m[48;2;0;0;0m▀[m[38;2;38;33;29m[48;2;126;36;0m▀[m[38;2;15;11;9m[48;2;178;60;1m▀[m[38;2;65;56;49m[48;2;121;33;0m▀[m[38;2;87;76;70m[48;2;0;0;0m▀[m[38;2;80;70;69m[48;2;33;29;26m▀[m[38;2;64;57;60m[48;2;64;57;53m▀[m[38;2;76;66;66m[48;2;85;75;70m▀[m[38;2;59;52;56m[48;2;67;58;55m▀[m[38;2;63;55;59m[48;2;77;68;66m▀[m[38;2;54;47;52m[48;2;56;49;53m▀[m[38;2;27;22;27m[48;2;49;42;47m▀[m[38;2;0;0;0m[48;2;36;30;35m▀[m[38;2;10;7;8m[48;2;1;1;1m▀[m[38;2;34;28;32m[48;2;36;30;34m▀[m[38;2;0;0;0m[48;2;29;24;27m▀[m[38;2;0;0;0m[48;2;0;0;0m▀[m[38;2;0;0;0m[48;2;0;0;0m▀[m[38;2;0;0;0m[48;2;0;0;0m▀[m[38;2;0;0;0m[48;2;18;9;3m▀[m[38;2;0;0;0m[48;2;0;0;0m▀[m[38;2;120;35;0m[48;2;0;0;0m▀[m[38;2;229;75;1m[48;2;209;71;1m▀[m[38;2;107;31;0m[48;2;55;11;0m▀[m[38;2;108;30;0m[48;2;0;0;0m▀[m[38;2;107;55;27m[48;2;153;82;43m▀[m[38;2;66;41;39m[48;2;64;38;34m▀[m[38;2;175;72;7m[48;2;184;80;6m▀[m[38;2;115;43;2m[48;2;120;47;3m▀[m[38;2;1;1;1m[48;2;46;39;37m▀[m[38;2;60;51;47m[48;2;32;27;26m▀[m[38;2;0;0;0m[48;2;0;0;0m▀[m[38;2;0;0;0m[48;2;0;0;0m▀[m[38;2;0;0;0m[48;2;0;0;0m▀[m[38;2;0;0;0m[48;2;0;0;0m▀[m[38;2;0;0;0m[48;2;0;0;0m▀[m[38;2;0;0;0m[48;2;0;0;0m▀[m[38;2;0;0;0m[48;2;0;0;0m▀[m[38;2;0;0;0m[48;2;0;0;0m▀[m[38;2;0;0;0m[48;2;0;0;0m▀[m[38;2;0;0;0m[48;2;0;0;0m▀[m[38;2;0;0;0m[48;2;0;0;0m▀[m[38;2;0;0;0m[48;2;0;0;0m▀[m[38;2;0;0;0m[48;2;0;0;0m▀[m
[38;2;0;0;0m[48;2;0;0;0m▀[m[38;2;0;0;0m[48;2;0;0;0m▀[m[38;2;0;0;0m[48;2;0;0;0m▀[m[38;2;0;0;0m[48;2;0;0;0m▀[m[38;2;0;0;0m[48;2;0;0;0m▀[m[38;2;0;0;0m[48;2;0;0;0m▀[m[38;2;0;0;0m[48;2;0;0;0m▀[m[38;2;0;0;0m[48;2;0;0;0m▀[m[38;2;0;0;0m[48;2;0;0;0m▀[m[38;2;0;0;0m[48;2;0;0;0m▀[m[38;2;0;0;0m[48;2;0;0;0m▀[m[38;2;0;0;0m[48;2;139;71;4m▀[m[38;2;0;0;0m[48;2;0;0;0m▀[m[38;2;181;57;1m[48;2;142;43;1m▀[m[38;2;224;78;4m[48;2;226;76;3m▀[m[38;2;226;76;3m[48;2;195;62;2m▀[m[38;2;190;59;1m[48;2;199;65;2m▀[m[38;2;87;22;0m[48;2;221;69;1m▀[m[38;2;0;0;0m[48;2;106;29;0m▀[m[38;2;193;61;1m[48;2;153;44;1m▀[m[38;2;220;71;2m[48;2;228;81;1m▀[m[38;2;116;31;1m[48;2;225;87;4m▀[m[38;2;77;19;0m[48;2;208;75;3m▀[m[38;2;232;123;18m[48;2;241;165;30m▀[m[38;2;137;100;14m[48;2;11;4;0m▀[m[38;2;0;0;0m[48;2;38;32;30m▀[m[38;2;70;61;54m[48;2;80;69;68m▀[m[38;2;59;50;51m[48;2;71;62;59m▀[m[38;2;79;68;65m[48;2;9;6;5m▀[m[38;2;32;26;24m[48;2;132;39;0m▀[m[38;2;67;17;0m[48;2;224;82;3m▀[m[38;2;184;57;0m[48;2;234;81;1m▀[m[38;2;229;76;0m[48;2;233;81;0m▀[m[38;2;228;80;1m[48;2;235;87;1m▀[m[38;2;229;77;0m[48;2;235;88;0m▀[m[38;2;220;77;1m[48;2;237;89;0m▀[m[38;2;167;56;0m[48;2;233;84;0m▀[m[38;2;78;20;0m[48;2;233;82;0m▀[m[38;2;10;9;8m[48;2;199;65;0m▀[m[38;2;2;2;2m[48;2;134;43;0m▀[m[38;2;28;24;22m[48;2;140;45;0m▀[m[38;2;67;58;54m[48;2;49;10;0m▀[m[38;2;73;63;63m[48;2;40;34;32m▀[m[38;2;57;48;53m[48;2;82;71;66m▀[m[38;2;48;40;44m[48;2;63;54;55m▀[m[38;2;20;16;18m[48;2;52;44;47m▀[m[38;2;50;43;48m[48;2;52;43;47m▀[m[38;2;18;14;16m[48;2;50;43;47m▀[m[38;2;0;0;0m[48;2;0;0;0m▀[m[38;2;0;0;0m[48;2;0;0;0m▀[m[38;2;58;42;24m[48;2;0;0;0m▀[m[38;2;87;68;50m[48;2;93;73;53m▀[m[38;2;0;0;0m[48;2;106;84;63m▀[m[38;2;53;22;1m[48;2;0;0;0m▀[m[38;2;0;0;0m[48;2;164;82;14m▀[m[38;2;88;40;8m[48;2;40;24;18m▀[m[38;2;129;64;42m[48;2;26;23;26m▀[m[38;2;149;61;7m[48;2;176;74;6m▀[m[38;2;122;48;4m[48;2;126;51;4m▀[m[38;2;0;0;0m[48;2;18;14;13m▀[m[38;2;51;43;41m[48;2;48;40;38m▀[m[38;2;0;0;0m[48;2;0;0;0m▀[m[38;2;0;0;0m[48;2;0;0;0m▀[m[38;2;0;0;0m[48;2;10;1;0m▀[m[38;2;0;0;0m[48;2;0;0;0m▀[m[38;2;0;0;0m[48;2;0;0;0m▀[m[38;2;0;0;0m[48;2;0;0;0m▀[m[38;2;0;0;0m[48;2;0;0;0m▀[m[38;2;0;0;0m[48;2;0;0;0m▀[m[38;2;0;0;0m[48;2;0;0;0m▀[m[38;2;0;0;0m[48;2;0;0;0m▀[m[38;2;0;0;0m[48;2;0;0;0m▀[m[38;2;0;0;0m[48;2;0;0;0m▀[m[38;2;0;0;0m[48;2;0;0;0m▀[m[38;2;0;0;0m[48;2;0;0;0m▀[m
[38;2;0;0;0m[48;2;0;0;0m▀[m[38;2;0;0;0m[48;2;0;0;0m▀[m[38;2;0;0;0m[48;2;0;0;0m▀[m[38;2;0;0;0m[48;2;0;0;0m▀[m[38;2;0;0;0m[48;2;0;0;0m▀[m[38;2;0;0;0m[48;2;0;0;0m▀[m[38;2;0;0;0m[48;2;0;0;0m▀[m[38;2;0;0;0m[48;2;0;0;0m▀[m[38;2;0;0;0m[48;2;0;0;0m▀[m[38;2;0;0;0m[48;2;0;0;0m▀[m[38;2;0;0;0m[48;2;0;0;0m▀[m[38;2;202;101;6m[48;2;117;55;2m▀[m[38;2;87;39;1m[48;2;175;85;3m▀[m[38;2;0;0;0m[48;2;0;0;0m▀[m[38;2;158;53;2m[48;2;0;0;0m▀[m[38;2;188;60;2m[48;2;0;0;0m▀[m[38;2;99;28;0m[48;2;30;6;0m▀[m[38;2;230;77;1m[48;2;239;95;1m▀[m[38;2;217;72;0m[48;2;239;92;1m▀[m[38;2;92;23;0m[48;2;185;60;0m▀[m[38;2;228;77;1m[48;2;226;77;1m▀[m[38;2;246;161;29m[48;2;250;173;33m▀[m[38;2;245;154;27m[48;2;239;172;32m▀[m[38;2;210;149;28m[48;2;92;64;17m▀[m[38;2;27;23;21m[48;2;82;72;69m▀[m[38;2;81;72;69m[48;2;65;59;55m▀[m[38;2;60;52;48m[48;2;61;16;0m▀[m[38;2;35;8;0m[48;2;209;77;0m▀[m[38;2;181;64;0m[48;2;226;83;0m▀[m[38;2;239;120;58m[48;2;217;81;0m▀[m[38;2;251;207;134m[48;2;243;159;91m▀[m[38;2;247;192;121m[48;2;252;213;136m▀[m[38;2;238;95;10m[48;2;241;135;70m▀[m[38;2;235;88;0m[48;2;238;91;0m▀[m[38;2;236;88;0m[48;2;241;92;0m▀[m[38;2;239;90;0m[48;2;239;89;0m▀[m[38;2;239;91;0m[48;2;241;90;0m▀[m[38;2;236;90;2m[48;2;245;156;90m▀[m[38;2;241;159;90m[48;2;251;214;140m▀[m[38;2;244;169;102m[48;2;247;188;114m▀[m[38;2;237;112;51m[48;2;235;93;8m▀[m[38;2;221;77;0m[48;2;236;88;0m▀[m[38;2;143;52;0m[48;2;238;89;0m▀[m[38;2;2;1;1m[48;2;207;82;0m▀[m[38;2;70;62;55m[48;2;84;30;0m▀[m[38;2;84;73;67m[48;2;49;41;37m▀[m[38;2;45;38;39m[48;2;92;79;73m▀[m[38;2;61;53;54m[48;2;58;49;46m▀[m[38;2;39;33;33m[48;2;54;46;45m▀[m[38;2;0;0;0m[48;2;3;2;2m▀[m[38;2;0;0;0m[48;2;0;0;0m▀[m[38;2;1;0;0m[48;2;0;0;0m▀[m[38;2;130;105;81m[48;2;71;58;45m▀[m[38;2;63;50;38m[48;2;127;104;82m▀[m[38;2;162;94;23m[48;2;0;0;0m▀[m[38;2;170;95;45m[48;2;78;53;20m▀[m[38;2;85;45;38m[48;2;138;91;43m▀[m[38;2;35;23;19m[48;2;125;82;50m▀[m[38;2;1;0;0m[48;2;60;45;44m▀[m[38;2;33;28;27m[48;2;49;39;37m▀[m[38;2;2;1;1m[48;2;56;46;42m▀[m[38;2;0;0;0m[48;2;0;0;0m▀[m[38;2;29;10;0m[48;2;113;53;3m▀[m[38;2;198;104;8m[48;2;225;112;9m▀[m[38;2;0;0;0m[48;2;0;0;0m▀[m[38;2;0;0;0m[48;2;0;0;0m▀[m[38;2;0;0;0m[48;2;0;0;0m▀[m[38;2;0;0;0m[48;2;0;0;0m▀[m[38;2;0;0;0m[48;2;0;0;0m▀[m[38;2;0;0;0m[48;2;0;0;0m▀[m[38;2;0;0;0m[48;2;0;0;0m▀[m[38;2;0;0;0m[48;2;0;0;0m▀[m[38;2;0;0;0m[48;2;0;0;0m▀[m[38;2;0;0;0m[48;2;0;0;0m▀[m[38;2;0;0;0m[48;2;0;0;0m▀[m
[38;2;0;0;0m[48;2;0;0;0m▀[m[38;2;0;0;0m[48;2;0;0;0m▀[m[38;2;0;0;0m[48;2;0;0;0m▀[m[38;2;0;0;0m[48;2;0;0;0m▀[m[38;2;0;0;0m[48;2;0;0;0m▀[m[38;2;0;0;0m[48;2;0;0;0m▀[m[38;2;0;0;0m[48;2;0;0;0m▀[m[38;2;0;0;0m[48;2;0;0;0m▀[m[38;2;0;0;0m[48;2;0;0;0m▀[m[38;2;0;0;0m[48;2;0;0;0m▀[m[38;2;0;0;0m[48;2;0;0;0m▀[m[38;2;0;0;0m[48;2;0;0;0m▀[m[38;2;0;0;0m[48;2;41;6;0m▀[m[38;2;0;0;0m[48;2;114;35;2m▀[m[38;2;18;2;0m[48;2;89;30;1m▀[m[38;2;118;36;1m[48;2;234;86;1m▀[m[38;2;158;56;0m[48;2;240;101;2m▀[m[38;2;237;93;1m[48;2;237;88;1m▀[m[38;2;242;118;8m[48;2;250;166;30m▀[m[38;2;238;108;6m[48;2;253;183;34m▀[m[38;2;236;98;4m[48;2;252;177;32m▀[m[38;2;251;182;38m[48;2;195;141;25m▀[m[38;2;131;94;16m[48;2;61;53;48m▀[m[38;2;85;73;69m[48;2;79;69;64m▀[m[38;2;70;62;58m[48;2;0;0;0m▀[m[38;2;0;0;0m[48;2;0;0;0m▀[m[38;2;181;72;0m[48;2;208;84;0m▀[m[38;2;212;81;0m[48;2;169;65;0m▀[m[38;2;36;6;0m[48;2;0;0;0m▀[m[38;2;0;0;0m[48;2;231;201;129m▀[m[38;2;153;52;0m[48;2;171;143;89m▀[m[38;2;246;123;49m[48;2;208;82;0m▀[m[38;2;244;103;9m[48;2;242;98;0m▀[m[38;2;240;96;0m[48;2;242;101;1m▀[m[38;2;239;92;0m[48;2;238;95;0m▀[m[38;2;240;94;0m[48;2;239;97;1m▀[m[38;2;244;99;1m[48;2;241;98;0m▀[m[38;2;245;137;70m[48;2;239;92;0m▀[m[38;2;243;150;83m[48;2;186;70;0m▀[m[38;2;181;64;1m[48;2;150;131;84m▀[m[38;2;115;38;0m[48;2;133;115;73m▀[m[38;2;124;41;0m[48;2;0;0;0m▀[m[38;2;209;83;1m[48;2;54;16;0m▀[m[38;2;241;98;1m[48;2;232;97;1m▀[m[38;2;228;88;0m[48;2;243;102;1m▀[m[38;2;122;41;0m[48;2;237;92;0m▀[m[38;2;33;27;23m[48;2;146;49;0m▀[m[38;2;105;91;82m[48;2;17;14;11m▀[m[38;2;70;60;53m[48;2;107;93;83m▀[m[38;2;11;7;7m[48;2;69;59;52m▀[m[38;2;0;0;0m[48;2;0;0;0m▀[m[38;2;0;0;0m[48;2;0;0;0m▀[m[38;2;0;0;0m[48;2;0;0;0m▀[m[38;2;128;106;85m[48;2;101;77;56m▀[m[38;2;36;16;6m[48;2;153;69;12m▀[m[38;2;20;14;10m[48;2;77;62;51m▀[m[38;2;5;4;3m[48;2;53;44;40m▀[m[38;2;58;41;22m[48;2;53;29;21m▀[m[38;2;83;68;56m[48;2;44;26;13m▀[m[38;2;85;71;65m[48;2;19;15;11m▀[m[38;2;81;68;64m[48;2;72;60;53m▀[m[38;2;64;54;47m[48;2;19;15;12m▀[m[38;2;77;33;1m[48;2;130;54;4m▀[m[38;2;243;118;11m[48;2;212;96;8m▀[m[38;2;0;0;0m[48;2;0;0;0m▀[m[38;2;0;0;0m[48;2;0;0;0m▀[m[38;2;0;0;0m[48;2;0;0;0m▀[m[38;2;0;0;0m[48;2;0;0;0m▀[m[38;2;0;0;0m[48;2;0;0;0m▀[m[38;2;0;0;0m[48;2;0;0;0m▀[m[38;2;0;0;0m[48;2;0;0;0m▀[m[38;2;0;0;0m[48;2;0;0;0m▀[m[38;2;0;0;0m[48;2;0;0;0m▀[m[38;2;0;0;0m[48;2;0;0;0m▀[m[38;2;0;0;0m[48;2;0;0;0m▀[m
[38;2;0;0;0m[48;2;0;0;0m▀[m[38;2;0;0;0m[48;2;0;0;0m▀[m[38;2;0;0;0m[48;2;0;0;0m▀[m[38;2;0;0;0m[48;2;0;0;0m▀[m[38;2;0;0;0m[48;2;0;0;0m▀[m[38;2;0;0;0m[48;2;0;0;0m▀[m[38;2;0;0;0m[48;2;0;0;0m▀[m[38;2;0;0;0m[48;2;0;0;0m▀[m[38;2;0;0;0m[48;2;0;0;0m▀[m[38;2;0;0;0m[48;2;0;0;0m▀[m[38;2;0;0;0m[48;2;173;56;4m▀[m[38;2;16;1;0m[48;2;67;13;1m▀[m[38;2;151;51;2m[48;2;139;43;1m▀[m[38;2;110;33;1m[48;2;137;45;2m▀[m[38;2;136;37;1m[48;2;166;50;1m▀[m[38;2;224;82;2m[48;2;239;130;21m▀[m[38;2;242;128;17m[48;2;249;169;35m▀[m[38;2;243;134;18m[48;2;252;179;36m▀[m[38;2;249;166;29m[48;2;252;178;34m▀[m[38;2;253;184;37m[48;2;253;183;35m▀[m[38;2;241;177;36m[48;2;225;164;32m▀[m[38;2;60;39;11m[48;2;35;29;25m▀[m[38;2;91;79;71m[48;2;62;52;46m▀[m[38;2;3;2;2m[48;2;0;0;0m▀[m[38;2;0;0;0m[48;2;30;22;9m▀[m[38;2;13;2;0m[48;2;175;138;84m▀[m[38;2;232;96;0m[48;2;244;128;54m▀[m[38;2;183;70;0m[48;2;244;96;0m▀[m[38;2;8;1;0m[48;2;140;51;0m▀[m[38;2;157;137;85m[48;2;0;0;0m▀[m[38;2;110;94;56m[48;2;0;0;0m▀[m[38;2;166;66;0m[48;2;160;64;0m▀[m[38;2;241;97;0m[48;2;241;99;0m▀[m[38;2;242;101;1m[48;2;241;99;0m▀[m[38;2;239;97;0m[48;2;240;99;1m▀[m[38;2;241;100;1m[48;2;240;100;1m▀[m[38;2;240;96;0m[48;2;241;98;0m▀[m[38;2;238;94;0m[48;2;220;88;0m▀[m[38;2;66;19;0m[48;2;0;0;0m▀[m[38;2;218;191;122m[48;2;6;4;2m▀[m[38;2;199;172;107m[48;2;4;3;1m▀[m[38;2;0;0;0m[48;2;0;0;0m▀[m[38;2;0;0;0m[48;2;101;30;0m▀[m[38;2;191;75;0m[48;2;190;73;0m▀[m[38;2;241;100;0m[48;2;242;99;0m▀[m[38;2;243;101;0m[48;2;242;102;1m▀[m[38;2;238;95;0m[48;2;241;98;0m▀[m[38;2;155;57;0m[48;2;224;86;0m▀[m[38;2;21;17;14m[48;2;55;11;0m▀[m[38;2;110;97;86m[48;2;30;25;21m▀[m[38;2;65;56;49m[48;2;116;98;86m▀[m[38;2;0;0;0m[48;2;53;43;35m▀[m[38;2;0;0;0m[48;2;0;0;0m▀[m[38;2;77;33;3m[48;2;0;0;0m▀[m[38;2;200;100;11m[48;2;122;54;3m▀[m[38;2;53;34;24m[48;2;0;0;0m▀[m[38;2;1;1;0m[48;2;0;0;0m▀[m[38;2;124;84;57m[48;2;59;35;13m▀[m[38;2;57;37;20m[48;2;0;0;0m▀[m[38;2;0;0;0m[48;2;2;0;0m▀[m[38;2;0;0;0m[48;2;59;10;0m▀[m[38;2;0;0;0m[48;2;0;0;0m▀[m[38;2;108;35;1m[48;2;0;0;0m▀[m[38;2;28;5;0m[48;2;0;0;0m▀[m[38;2;100;25;1m[48;2;168;54;2m▀[m[38;2;68;15;1m[48;2;145;46;2m▀[m[38;2;0;0;0m[48;2;0;0;0m▀[m[38;2;0;0;0m[48;2;0;0;0m▀[m[38;2;0;0;0m[48;2;0;0;0m▀[m[38;2;0;0;0m[48;2;0;0;0m▀[m[38;2;0;0;0m[48;2;0;0;0m▀[m[38;2;0;0;0m[48;2;0;0;0m▀[m[38;2;0;0;0m[48;2;0;0;0m▀[m[38;2;0;0;0m[48;2;0;0;0m▀[m[38;2;0;0;0m[48;2;0;0;0m▀[m
[38;2;0;0;0m[48;2;0;0;0m▀[m[38;2;0;0;0m[48;2;0;0;0m▀[m[38;2;0;0;0m[48;2;0;0;0m▀[m[38;2;0;0;0m[48;2;0;0;0m▀[m[38;2;0;0;0m[48;2;0;0;0m▀[m[38;2;0;0;0m[48;2;0;0;0m▀[m[38;2;0;0;0m[48;2;0;0;0m▀[m[38;2;0;0;0m[48;2;0;0;0m▀[m[38;2;0;0;0m[48;2;0;0;0m▀[m[38;2;91;24;0m[48;2;120;35;1m▀[m[38;2;224;75;3m[48;2;225;78;3m▀[m[38;2;84;22;1m[48;2;213;68;2m▀[m[38;2;3;0;0m[48;2;140;39;1m▀[m[38;2;45;8;0m[48;2;163;48;1m▀[m[38;2;184;59;1m[48;2;240;133;21m▀[m[38;2;248;166;31m[48;2;242;174;35m▀[m[38;2;252;184;39m[48;2;160;116;20m▀[m[38;2;250;183;42m[48;2;14;10;9m▀[m[38;2;242;174;38m[48;2;13;10;12m▀[m[38;2;232;169;38m[48;2;59;38;20m▀[m[38;2;247;175;33m[48;2;115;78;6m▀[m[38;2;123;86;11m[48;2;230;162;26m▀[m[38;2;70;58;50m[48;2;60;40;19m▀[m[38;2;81;69;44m[48;2;38;31;28m▀[m[38;2;240;207;133m[48;2;132;112;70m▀[m[38;2;251;214;135m[48;2;239;208;136m▀[m[38;2;251;207;134m[48;2;252;216;140m▀[m[38;2;243;131;55m[48;2;252;215;137m▀[m[38;2;225;89;1m[48;2;251;201;128m▀[m[38;2;92;30;0m[48;2;240;148;79m▀[m[38;2;13;2;0m[48;2;232;144;75m▀[m[38;2;206;80;0m[48;2;226;155;89m▀[m[38;2;237;94;0m[48;2;68;43;39m▀[m[38;2;233;89;0m[48;2;58;43;41m▀[m[38;2;236;91;0m[48;2;97;53;45m▀[m[38;2;239;98;1m[48;2;157;65;14m▀[m[38;2;241;100;1m[48;2;240;129;55m▀[m[38;2;230;89;0m[48;2;246;176;110m▀[m[38;2;51;12;0m[48;2;211;107;47m▀[m[38;2;0;0;0m[48;2;147;54;0m▀[m[38;2;0;0;0m[48;2;139;47;0m▀[m[38;2;10;1;0m[48;2;208;77;0m▀[m[38;2;204;81;0m[48;2;242;112;35m▀[m[38;2;242;96;0m[48;2;245;153;85m▀[m[38;2;244;136;67m[48;2;249;184;111m▀[m[38;2;247;171;100m[48;2;252;216;140m▀[m[38;2;249;192;119m[48;2;250;213;134m▀[m[38;2;250;213;138m[48;2;250;217;143m▀[m[38;2;214;183;114m[48;2;215;185;118m▀[m[38;2;154;131;82m[48;2;93;81;49m▀[m[38;2;47;37;29m[48;2;0;0;0m▀[m[38;2;124;101;80m[48;2;25;18;13m▀[m[38;2;11;7;4m[48;2;72;45;33m▀[m[38;2;25;5;1m[48;2;94;43;37m▀[m[38;2;99;38;14m[48;2;76;39;32m▀[m[38;2;125;50;22m[48;2;73;27;10m▀[m[38;2;124;51;21m[48;2;134;59;27m▀[m[38;2;77;30;11m[48;2;112;47;19m▀[m[38;2;2;0;0m[48;2;100;27;0m▀[m[38;2;173;53;1m[48;2;217;66;1m▀[m[38;2;114;33;1m[48;2;24;3;0m▀[m[38;2;33;4;0m[48;2;173;52;2m▀[m[38;2;138;42;1m[48;2;222;74;3m▀[m[38;2;180;58;3m[48;2;224;76;5m▀[m[38;2;225;76;4m[48;2;205;68;3m▀[m[38;2;135;42;2m[48;2;31;4;0m▀[m[38;2;0;0;0m[48;2;0;0;0m▀[m[38;2;0;0;0m[48;2;0;0;0m▀[m[38;2;0;0;0m[48;2;0;0;0m▀[m[38;2;0;0;0m[48;2;0;0;0m▀[m[38;2;0;0;0m[48;2;0;0;0m▀[m[38;2;0;0;0m[48;2;0;0;0m▀[m[38;2;0;0;0m[48;2;0;0;0m▀[m[38;2;0;0;0m[48;2;0;0;0m▀[m[38;2;0;0;0m[48;2;0;0;0m▀[m
[38;2;0;0;0m[48;2;0;0;0m▀[m[38;2;0;0;0m[48;2;0;0;0m▀[m[38;2;0;0;0m[48;2;0;0;0m▀[m[38;2;0;0;0m[48;2;0;0;0m▀[m[38;2;0;0;0m[48;2;0;0;0m▀[m[38;2;0;0;0m[48;2;0;0;0m▀[m[38;2;0;0;0m[48;2;0;0;0m▀[m[38;2;0;0;0m[48;2;0;0;0m▀[m[38;2;68;11;1m[48;2;189;57;4m▀[m[38;2;105;30;1m[48;2;99;27;1m▀[m[38;2;228;92;6m[48;2;222;71;1m▀[m[38;2;246;163;31m[48;2;248;170;31m▀[m[38;2;238;137;20m[48;2;220;157;26m▀[m[38;2;243;155;27m[48;2;117;82;13m▀[m[38;2;196;142;25m[48;2;156;94;14m▀[m[38;2;99;69;23m[48;2;143;81;38m▀[m[38;2;92;70;43m[48;2;71;36;36m▀[m[38;2;48;40;44m[48;2;177;82;29m▀[m[38;2;136;66;37m[48;2;175;75;24m▀[m[38;2;187;117;43m[48;2;38;32;38m▀[m[38;2;104;68;37m[48;2;106;80;57m▀[m[38;2;185;132;22m[48;2;51;33;6m▀[m[38;2;208;150;29m[48;2;231;170;36m▀[m[38;2;29;21;17m[48;2;0;0;0m▀[m[38;2;62;47;27m[48;2;29;20;15m▀[m[38;2;226;196;129m[48;2;39;30;14m▀[m[38;2;252;218;141m[48;2;198;174;115m▀[m[38;2;251;216;138m[48;2;252;216;136m▀[m[38;2;252;217;139m[48;2;253;217;136m▀[m[38;2;252;216;134m[48;2;252;216;134m▀[m[38;2;227;195;123m[48;2;209;177;108m▀[m[38;2;234;201;128m[48;2;201;172;107m▀[m[38;2;27;22;10m[48;2;204;170;103m▀[m[38;2;0;0;0m[48;2;51;41;21m▀[m[38;2;0;0;0m[48;2;111;91;54m▀[m[38;2;71;58;35m[48;2;225;191;119m▀[m[38;2;251;216;141m[48;2;252;216;137m▀[m[38;2;251;218;144m[48;2;229;198;126m▀[m[38;2;238;203;133m[48;2;192;167;110m▀[m[38;2;248;188;114m[48;2;253;221;145m▀[m[38;2;247;183;111m[48;2;253;225;148m▀[m[38;2;248;195;123m[48;2;253;222;146m▀[m[38;2;253;219;142m[48;2;252;220;144m▀[m[38;2;252;217;142m[48;2;251;218;142m▀[m[38;2;251;215;140m[48;2;251;217;140m▀[m[38;2;251;217;143m[48;2;243;209;135m▀[m[38;2;251;216;139m[48;2;158;132;82m▀[m[38;2;243;212;139m[48;2;78;65;38m▀[m[38;2;103;91;61m[48;2;14;11;9m▀[m[38;2;0;0;0m[48;2;64;53;49m▀[m[38;2;43;36;32m[48;2;72;61;61m▀[m[38;2;76;63;58m[48;2;59;50;56m▀[m[38;2;58;50;53m[48;2;56;47;52m▀[m[38;2;41;35;39m[48;2;29;24;27m▀[m[38;2;26;22;25m[48;2;0;0;0m▀[m[38;2;26;6;1m[48;2;53;15;3m▀[m[38;2;135;57;26m[48;2;70;26;8m▀[m[38;2;83;33;13m[48;2;1;0;0m▀[m[38;2;100;21;0m[48;2;80;40;0m▀[m[38;2;109;29;0m[48;2;160;53;2m▀[m[38;2;107;29;0m[48;2;231;130;23m▀[m[38;2;219;71;2m[48;2;234;113;18m▀[m[38;2;226;78;3m[48;2;182;60;1m▀[m[38;2;196;65;3m[48;2;18;2;0m▀[m[38;2;61;14;0m[48;2;0;0;0m▀[m[38;2;0;0;0m[48;2;0;0;0m▀[m[38;2;0;0;0m[48;2;0;0;0m▀[m[38;2;0;0;0m[48;2;0;0;0m▀[m[38;2;0;0;0m[48;2;0;0;0m▀[m[38;2;0;0;0m[48;2;0;0;0m▀[m[38;2;0;0;0m[48;2;0;0;0m▀[m[38;2;0;0;0m[48;2;0;0;0m▀[m[38;2;0;0;0m[48;2;0;0;0m▀[m[38;2;0;0;0m[48;2;0;0;0m▀[m[38;2;0;0;0m[48;2;0;0;0m▀[m
[38;2;0;0;0m[48;2;0;0;0m▀[m[38;2;0;0;0m[48;2;0;0;0m▀[m[38;2;0;0;0m[48;2;0;0;0m▀[m[38;2;0;0;0m[48;2;0;0;0m▀[m[38;2;0;0;0m[48;2;0;0;0m▀[m[38;2;0;0;0m[48;2;0;0;0m▀[m[38;2;0;0;0m[48;2;0;0;0m▀[m[38;2;0;0;0m[48;2;67;13;1m▀[m[38;2;188;76;10m[48;2;183;55;3m▀[m[38;2;245;147;31m[48;2;194;147;32m▀[m[38;2;234;142;33m[48;2;66;46;13m▀[m[38;2;165;116;22m[48;2;117;54;23m▀[m[38;2;111;63;16m[48;2;167;71;32m▀[m[38;2;222;142;58m[48;2;172;57;30m▀[m[38;2;185;80;28m[48;2;230;142;78m▀[m[38;2;200;100;30m[48;2;128;102;67m▀[m[38;2;205;101;22m[48;2;47;33;38m▀[m[38;2;180;88;25m[48;2;199;92;23m▀[m[38;2;39;33;39m[48;2;171;78;20m▀[m[38;2;40;35;41m[48;2;174;72;22m▀[m[38;2;46;37;40m[48;2;102;36;32m▀[m[38;2;96;73;45m[48;2;82;49;41m▀[m[38;2;137;96;14m[48;2;23;18;12m▀[m[38;2;0;0;0m[48;2;0;0;0m▀[m[38;2;82;68;61m[48;2;45;38;42m▀[m[38;2;39;33;30m[48;2;75;65;64m▀[m[38;2;24;18;8m[48;2;52;43;39m▀[m[38;2;191;164;104m[48;2;0;0;0m▀[m[38;2;253;217;136m[48;2;147;127;82m▀[m[38;2;252;216;135m[48;2;238;205;129m▀[m[38;2;251;214;130m[48;2;253;220;137m▀[m[38;2;174;147;90m[48;2;251;213;131m▀[m[38;2;67;55;32m[48;2;169;143;90m▀[m[38;2;5;3;1m[48;2;173;46;3m▀[m[38;2;106;88;50m[48;2;185;49;3m▀[m[38;2;168;142;87m[48;2;187;51;3m▀[m[38;2;159;138;87m[48;2;98;80;48m▀[m[38;2;101;86;53m[48;2;246;213;139m▀[m[38;2;239;206;134m[48;2;253;220;142m▀[m[38;2;252;219;142m[48;2;252;219;141m▀[m[38;2;253;221;145m[48;2;252;218;141m▀[m[38;2;252;219;142m[48;2;249;218;142m▀[m[38;2;251;217;142m[48;2;199;173;114m▀[m[38;2;246;214;140m[48;2;84;71;45m▀[m[38;2;186;162;106m[48;2;0;0;0m▀[m[38;2;70;61;39m[48;2;42;34;30m▀[m[38;2;0;0;0m[48;2;86;75;70m▀[m[38;2;61;51;47m[48;2;104;90;84m▀[m[38;2;86;75;71m[48;2;69;59;62m▀[m[38;2;59;50;54m[48;2;57;49;54m▀[m[38;2;58;49;54m[48;2;32;26;29m▀[m[38;2;43;36;40m[48;2;0;0;0m▀[m[38;2;12;10;11m[48;2;23;19;22m▀[m[38;2;0;0;0m[48;2;37;31;35m▀[m[38;2;1;0;0m[48;2;19;15;18m▀[m[38;2;51;16;4m[48;2;41;16;9m▀[m[38;2;60;22;7m[48;2;87;35;13m▀[m[38;2;27;6;2m[48;2;137;59;24m▀[m[38;2;70;45;1m[48;2;95;37;12m▀[m[38;2;222;165;32m[48;2;68;45;4m▀[m[38;2;253;187;38m[48;2;244;175;36m▀[m[38;2;220;75;3m[48;2;221;73;5m▀[m[38;2;34;4;0m[48;2;157;46;2m▀[m[38;2;54;10;1m[48;2;202;65;5m▀[m[38;2;115;31;3m[48;2;124;35;2m▀[m[38;2;84;30;2m[48;2;131;48;3m▀[m[38;2;6;1;0m[48;2;91;31;1m▀[m[38;2;0;0;0m[48;2;0;0;0m▀[m[38;2;0;0;0m[48;2;0;0;0m▀[m[38;2;0;0;0m[48;2;0;0;0m▀[m[38;2;0;0;0m[48;2;0;0;0m▀[m[38;2;0;0;0m[48;2;0;0;0m▀[m[38;2;0;0;0m[48;2;0;0;0m▀[m[38;2;0;0;0m[48;2;0;0;0m▀[m[38;2;0;0;0m[48;2;0;0;0m▀[m
[38;2;0;0;0m[48;2;0;0;0m▀[m[38;2;0;0;0m[48;2;0;0;0m▀[m[38;2;0;0;0m[48;2;0;0;0m▀[m[38;2;0;0;0m[48;2;0;0;0m▀[m[38;2;0;0;0m[48;2;0;0;0m▀[m[38;2;0;0;0m[48;2;0;0;0m▀[m[38;2;0;0;0m[48;2;0;0;0m▀[m[38;2;183;51;2m[48;2;137;34;1m▀[m[38;2;129;32;1m[48;2;82;33;6m▀[m[38;2;58;21;17m[48;2;211;117;38m▀[m[38;2;145;64;31m[48;2;174;108;36m▀[m[38;2;133;46;31m[48;2;185;109;21m▀[m[38;2;204;118;45m[48;2;132;97;44m▀[m[38;2;170;106;47m[48;2;32;28;35m▀[m[38;2;169;78;34m[48;2;118;41;31m▀[m[38;2;129;95;58m[48;2;200;123;48m▀[m[38;2;40;34;40m[48;2;109;45;38m▀[m[38;2;65;31;33m[48;2;79;39;40m▀[m[38;2;47;31;34m[48;2;39;31;36m▀[m[38;2;94;38;29m[48;2;89;39;38m▀[m[38;2;76;33;33m[48;2;44;30;32m▀[m[38;2;36;32;38m[48;2;35;31;37m▀[m[38;2;40;29;30m[48;2;36;32;37m▀[m[38;2;0;0;0m[48;2;13;10;13m▀[m[38;2;7;5;6m[48;2;0;0;0m▀[m[38;2;49;41;45m[48;2;7;4;6m▀[m[38;2;70;60;61m[48;2;46;39;44m▀[m[38;2;73;63;59m[48;2;60;52;55m▀[m[38;2;8;5;4m[48;2;78;66;64m▀[m[38;2;50;42;23m[48;2;48;42;39m▀[m[38;2;183;158;99m[48;2;0;0;0m▀[m[38;2;245;211;134m[48;2;54;44;25m▀[m[38;2;248;213;134m[48;2;164;141;90m▀[m[38;2;164;139;86m[48;2;219;189;120m▀[m[38;2;116;65;37m[48;2;248;215;139m▀[m[38;2;127;106;67m[48;2;252;219;140m▀[m[38;2;227;195;125m[48;2;233;202;132m▀[m[38;2;253;220;142m[48;2;199;172;113m▀[m[38;2;253;220;143m[48;2;142;124;81m▀[m[38;2;243;211;136m[48;2;29;22;10m▀[m[38;2;190;166;109m[48;2;12;8;7m▀[m[38;2;85;72;47m[48;2;52;43;39m▀[m[38;2;0;0;0m[48;2;69;60;56m▀[m[38;2;32;26;23m[48;2;100;88;84m▀[m[38;2;82;71;66m[48;2;81;71;70m▀[m[38;2;92;79;75m[48;2;46;40;46m▀[m[38;2;69;59;59m[48;2;40;35;41m▀[m[38;2;57;48;52m[48;2;38;33;39m▀[m[38;2;60;51;54m[48;2;46;40;46m▀[m[38;2;29;24;27m[48;2;49;42;47m▀[m[38;2;31;25;30m[48;2;53;46;52m▀[m[38;2;51;43;48m[48;2;54;46;53m▀[m[38;2;56;47;54m[48;2;49;42;47m▀[m[38;2;53;45;51m[48;2;41;34;39m▀[m[38;2;44;37;42m[48;2;82;39;28m▀[m[38;2;35;30;35m[48;2;107;46;22m▀[m[38;2;5;4;5m[48;2;126;51;20m▀[m[38;2;106;44;16m[48;2;144;61;24m▀[m[38;2;150;63;25m[48;2;151;63;23m▀[m[38;2;54;16;3m[48;2;65;22;4m▀[m[38;2;208;158;37m[48;2;203;151;33m▀[m[38;2;242;153;32m[48;2;253;188;42m▀[m[38;2;237;132;25m[48;2;235;123;21m▀[m[38;2;217;70;4m[48;2;151;47;1m▀[m[38;2;48;9;0m[48;2;86;25;1m▀[m[38;2;197;80;5m[48;2;139;52;3m▀[m[38;2;72;23;1m[48;2;0;0;0m▀[m[38;2;0;0;0m[48;2;0;0;0m▀[m[38;2;0;0;0m[48;2;0;0;0m▀[m[38;2;0;0;0m[48;2;0;0;0m▀[m[38;2;0;0;0m[48;2;0;0;0m▀[m[38;2;0;0;0m[48;2;0;0;0m▀[m[38;2;0;0;0m[48;2;0;0;0m▀[m[38;2;0;0;0m[48;2;0;0;0m▀[m[38;2;0;0;0m[48;2;0;0;0m▀[m
[38;2;0;0;0m[48;2;0;0;0m▀[m[38;2;0;0;0m[48;2;0;0;0m▀[m[38;2;0;0;0m[48;2;0;0;0m▀[m[38;2;0;0;0m[48;2;0;0;0m▀[m[38;2;0;0;0m[48;2;0;0;0m▀[m[38;2;0;0;0m[48;2;0;0;0m▀[m[38;2;0;0;0m[48;2;0;0;0m▀[m[38;2;0;0;0m[48;2;0;0;0m▀[m[38;2;146;108;50m[48;2;23;20;24m▀[m[38;2;73;52;29m[48;2;33;29;34m▀[m[38;2;30;27;34m[48;2;34;30;36m▀[m[38;2;71;25;18m[48;2;40;26;30m▀[m[38;2;160;115;57m[48;2;225;127;35m▀[m[38;2;36;32;37m[48;2;69;51;42m▀[m[38;2;100;35;29m[48;2;37;27;33m▀[m[38;2;153;57;37m[48;2;152;67;37m▀[m[38;2;237;164;81m[48;2;168;126;69m▀[m[38;2;182;90;47m[48;2;115;85;54m▀[m[38;2;141;60;35m[48;2;115;52;21m▀[m[38;2;170;79;32m[48;2;95;50;32m▀[m[38;2;123;53;30m[48;2;110;48;32m▀[m[38;2;49;32;35m[48;2;179;94;30m▀[m[38;2;34;30;35m[48;2;61;31;29m▀[m[38;2;31;27;33m[48;2;12;10;13m▀[m[38;2;0;0;0m[48;2;0;0;0m▀[m[38;2;33;27;32m[48;2;0;0;0m▀[m[38;2;15;11;13m[48;2;31;25;29m▀[m[38;2;34;28;33m[48;2;37;32;36m▀[m[38;2;54;46;52m[48;2;27;22;25m▀[m[38;2;75;65;65m[48;2;41;35;40m▀[m[38;2;76;65;62m[48;2;45;39;40m▀[m[38;2;17;12;11m[48;2;79;68;64m▀[m[38;2;0;0;0m[48;2;47;39;35m▀[m[38;2;1;0;0m[48;2;0;0;0m▀[m[38;2;0;0;0m[48;2;0;0;0m▀[m[38;2;0;0;0m[48;2;0;0;0m▀[m[38;2;0;0;0m[48;2;0;0;0m▀[m[38;2;0;0;0m[48;2;15;11;11m▀[m[38;2;0;0;0m[48;2;74;63;59m▀[m[38;2;42;35;33m[48;2;84;73;72m▀[m[38;2;93;80;74m[48;2;62;54;57m▀[m[38;2;74;63;62m[48;2;52;44;50m▀[m[38;2;63;55;58m[48;2;31;26;30m▀[m[38;2;57;50;51m[48;2;46;40;45m▀[m[38;2;45;40;46m[48;2;48;42;47m▀[m[38;2;45;39;45m[48;2;35;31;36m▀[m[38;2;30;26;30m[48;2;24;21;25m▀[m[38;2;40;35;43m[48;2;38;34;42m▀[m[38;2;37;33;40m[48;2;26;23;28m▀[m[38;2;37;33;38m[48;2;2;2;2m▀[m[38;2;32;28;31m[48;2;0;0;0m▀[m[38;2;3;2;2m[48;2;17;14;16m▀[m[38;2;0;0;0m[48;2;22;19;22m▀[m[38;2;6;2;2m[48;2;4;4;4m▀[m[38;2;66;23;6m[48;2;129;55;28m▀[m[38;2;0;0;0m[48;2;13;3;1m▀[m[38;2;26;6;1m[48;2;0;0;0m▀[m[38;2;79;32;8m[48;2;11;1;0m▀[m[38;2;80;30;7m[48;2;160;46;5m▀[m[38;2;0;0;0m[48;2;144;42;3m▀[m[38;2;178;117;24m[48;2;0;0;0m▀[m[38;2;192;93;17m[48;2;0;0;0m▀[m[38;2;125;34;1m[48;2;0;0;0m▀[m[38;2;0;0;0m[48;2;1;0;0m▀[m[38;2;13;1;0m[48;2;161;48;2m▀[m[38;2;0;0;0m[48;2;0;0;0m▀[m[38;2;0;0;0m[48;2;0;0;0m▀[m[38;2;0;0;0m[48;2;0;0;0m▀[m[38;2;0;0;0m[48;2;0;0;0m▀[m[38;2;0;0;0m[48;2;0;0;0m▀[m[38;2;0;0;0m[48;2;0;0;0m▀[m[38;2;0;0;0m[48;2;0;0;0m▀[m[38;2;0;0;0m[48;2;0;0;0m▀[m[38;2;0;0;0m[48;2;0;0;0m▀[m[38;2;0;0;0m[48;2;0;0;0m▀[m
[38;2;0;0;0m[48;2;0;0;0m▀[m[38;2;0;0;0m[48;2;0;0;0m▀[m[38;2;0;0;0m[48;2;0;0;0m▀[m[38;2;0;0;0m[48;2;0;0;0m▀[m[38;2;0;0;0m[48;2;0;0;0m▀[m[38;2;0;0;0m[48;2;0;0;0m▀[m[38;2;0;0;0m[48;2;0;0;0m▀[m[38;2;66;40;3m[48;2;150;99;25m▀[m[38;2;15;12;15m[48;2;0;0;0m▀[m[38;2;48;32;35m[48;2;104;35;20m▀[m[38;2;154;63;27m[48;2;89;39;35m▀[m[38;2;193;88;21m[48;2;191;84;24m▀[m[38;2;165;73;18m[48;2;29;25;30m▀[m[38;2;159;111;52m[48;2;109;80;36m▀[m[38;2;45;33;39m[48;2;91;74;54m▀[m[38;2;177;87;30m[48;2;102;47;36m▀[m[38;2;36;31;36m[48;2;132;56;32m▀[m[38;2;36;32;38m[48;2;38;33;39m▀[m[38;2;27;24;29m[48;2;37;33;39m▀[m[38;2;22;19;23m[48;2;26;23;27m▀[m[38;2;37;32;37m[48;2;6;5;6m▀[m[38;2;86;44;23m[48;2;0;0;0m▀[m[38;2;43;13;0m[48;2;13;1;0m▀[m[38;2;61;33;0m[48;2;31;10;0m▀[m[38;2;8;1;0m[48;2;145;60;8m▀[m[38;2;90;34;5m[48;2;130;80;58m▀[m[38;2;0;0;0m[48;2;30;24;26m▀[m[38;2;16;12;15m[48;2;13;9;8m▀[m[38;2;40;34;38m[48;2;40;33;32m▀[m[38;2;48;41;46m[48;2;27;21;21m▀[m[38;2;49;42;46m[48;2;30;26;29m▀[m[38;2;12;9;11m[48;2;33;28;32m▀[m[38;2;38;31;28m[48;2;16;12;15m▀[m[38;2;3;2;1m[48;2;0;0;0m▀[m[38;2;0;0;0m[48;2;43;36;33m▀[m[38;2;1;0;0m[48;2;90;79;74m▀[m[38;2;63;53;48m[48;2;92;80;76m▀[m[38;2;97;83;78m[48;2;59;50;53m▀[m[38;2;73;63;64m[48;2;52;45;50m▀[m[38;2;53;45;50m[48;2;35;30;34m▀[m[38;2;50;42;47m[48;2;12;9;11m▀[m[38;2;20;16;18m[48;2;48;41;46m▀[m[38;2;43;37;42m[48;2;45;39;45m▀[m[38;2;46;40;46m[48;2;29;25;29m▀[m[38;2;34;30;34m[48;2;0;0;0m▀[m[38;2;0;0;0m[48;2;11;8;10m▀[m[38;2;29;24;28m[48;2;18;14;19m▀[m[38;2;10;8;10m[48;2;0;0;0m▀[m[38;2;0;0;0m[48;2;0;0;0m▀[m[38;2;0;0;0m[48;2;39;33;37m▀[m[38;2;39;33;36m[48;2;54;47;52m▀[m[38;2;56;48;55m[48;2;53;45;52m▀[m[38;2;49;43;50m[48;2;49;43;49m▀[m[38;2;45;39;45m[48;2;47;41;48m▀[m[38;2;77;44;41m[48;2;37;32;38m▀[m[38;2;93;37;15m[48;2;95;46;35m▀[m[38;2;0;0;0m[48;2;89;35;12m▀[m[38;2;0;0;0m[48;2;0;0;0m▀[m[38;2;131;37;3m[48;2;0;0;0m▀[m[38;2;215;66;7m[48;2;3;0;0m▀[m[38;2;201;60;7m[48;2;48;9;1m▀[m[38;2;172;45;4m[48;2;119;44;3m▀[m[38;2;45;5;0m[48;2;196;72;7m▀[m[38;2;164;54;4m[48;2;230;89;14m▀[m[38;2;188;60;4m[48;2;148;49;6m▀[m[38;2;0;0;0m[48;2;0;0;0m▀[m[38;2;0;0;0m[48;2;0;0;0m▀[m[38;2;0;0;0m[48;2;0;0;0m▀[m[38;2;0;0;0m[48;2;0;0;0m▀[m[38;2;0;0;0m[48;2;0;0;0m▀[m[38;2;0;0;0m[48;2;0;0;0m▀[m[38;2;0;0;0m[48;2;0;0;0m▀[m[38;2;0;0;0m[48;2;0;0;0m▀[m[38;2;0;0;0m[48;2;0;0;0m▀[m[38;2;0;0;0m[48;2;0;0;0m▀[m
[38;2;0;0;0m[48;2;0;0;0m▀[m[38;2;0;0;0m[48;2;0;0;0m▀[m[38;2;0;0;0m[48;2;0;0;0m▀[m[38;2;0;0;0m[48;2;0;0;0m▀[m[38;2;0;0;0m[48;2;0;0;0m▀[m[38;2;0;0;0m[48;2;0;0;0m▀[m[38;2;0;0;0m[48;2;0;0;0m▀[m[38;2;0;0;0m[48;2;0;0;0m▀[m[38;2;0;0;0m[48;2;0;0;0m▀[m[38;2;1;1;1m[48;2;0;0;0m▀[m[38;2;29;26;32m[48;2;23;19;24m▀[m[38;2;170;84;25m[48;2;168;80;29m▀[m[38;2;71;32;29m[48;2;31;27;33m▀[m[38;2;26;23;28m[48;2;31;28;34m▀[m[38;2;106;87;53m[48;2;32;27;24m▀[m[38;2;36;31;36m[48;2;27;23;27m▀[m[38;2;109;42;29m[48;2;38;18;19m▀[m[38;2;33;28;33m[48;2;1;1;1m▀[m[38;2;17;14;17m[48;2;16;13;11m▀[m[38;2;0;0;0m[48;2;54;45;41m▀[m[38;2;48;37;30m[48;2;67;56;52m▀[m[38;2;53;40;29m[48;2;115;93;77m▀[m[38;2;0;0;0m[48;2;0;0;0m▀[m[38;2;0;0;0m[48;2;146;65;5m▀[m[38;2;74;31;5m[48;2;191;88;18m▀[m[38;2;27;16;8m[48;2;75;50;46m▀[m[38;2;8;6;7m[48;2;28;23;26m▀[m[38;2;0;0;0m[48;2;0;0;0m▀[m[38;2;17;13;13m[48;2;15;12;13m▀[m[38;2;67;55;55m[48;2;17;13;14m▀[m[38;2;57;49;47m[48;2;57;48;51m▀[m[38;2;11;8;7m[48;2;71;62;62m▀[m[38;2;34;28;25m[48;2;81;70;69m▀[m[38;2;82;71;65m[48;2;72;63;64m▀[m[38;2;99;85;81m[48;2;70;60;63m▀[m[38;2;95;84;81m[48;2;72;63;64m▀[m[38;2;62;53;58m[48;2;70;61;61m▀[m[38;2;47;41;46m[48;2;46;41;38m▀[m[38;2;20;17;20m[48;2;47;40;39m▀[m[38;2;16;12;14m[48;2;53;46;50m▀[m[38;2;52;44;49m[48;2;40;35;39m▀[m[38;2;46;39;44m[48;2;22;18;21m▀[m[38;2;21;18;20m[48;2;2;1;1m▀[m[38;2;4;3;4m[48;2;48;40;43m▀[m[38;2;39;33;37m[48;2;40;33;37m▀[m[38;2;48;41;47m[48;2;7;6;7m▀[m[38;2;10;7;10m[48;2;0;0;0m▀[m[38;2;0;0;0m[48;2;0;0;0m▀[m[38;2;28;24;27m[48;2;45;39;44m▀[m[38;2;49;42;48m[48;2;13;10;13m▀[m[38;2;36;30;34m[48;2;46;40;45m▀[m[38;2;58;51;56m[48;2;58;52;56m▀[m[38;2;56;48;53m[48;2;55;47;53m▀[m[38;2;51;43;49m[48;2;45;39;43m▀[m[38;2;48;42;47m[48;2;25;21;24m▀[m[38;2;20;16;19m[48;2;19;15;18m▀[m[38;2;93;36;12m[48;2;1;0;0m▀[m[38;2;69;22;5m[48;2;44;7;1m▀[m[38;2;0;0;0m[48;2;0;0;0m▀[m[38;2;0;0;0m[48;2;54;10;0m▀[m[38;2;208;90;16m[48;2;155;59;6m▀[m[38;2;237;103;19m[48;2;213;92;16m▀[m[38;2;233;97;15m[48;2;131;51;4m▀[m[38;2;189;78;10m[48;2;0;0;0m▀[m[38;2;10;1;0m[48;2;1;0;0m▀[m[38;2;11;1;0m[48;2;145;48;4m▀[m[38;2;0;0;0m[48;2;0;0;0m▀[m[38;2;0;0;0m[48;2;0;0;0m▀[m[38;2;0;0;0m[48;2;0;0;0m▀[m[38;2;0;0;0m[48;2;0;0;0m▀[m[38;2;0;0;0m[48;2;0;0;0m▀[m[38;2;0;0;0m[48;2;0;0;0m▀[m[38;2;0;0;0m[48;2;0;0;0m▀[m[38;2;0;0;0m[48;2;0;0;0m▀[m[38;2;0;0;0m[48;2;0;0;0m▀[m
[38;2;0;0;0m[48;2;0;0;0m▀[m[38;2;0;0;0m[48;2;0;0;0m▀[m[38;2;0;0;0m[48;2;0;0;0m▀[m[38;2;0;0;0m[48;2;0;0;0m▀[m[38;2;0;0;0m[48;2;0;0;0m▀[m[38;2;0;0;0m[48;2;0;0;0m▀[m[38;2;0;0;0m[48;2;0;0;0m▀[m[38;2;0;0;0m[48;2;0;0;0m▀[m[38;2;23;5;0m[48;2;0;0;0m▀[m[38;2;152;74;4m[48;2;66;25;1m▀[m[38;2;3;2;2m[48;2;0;0;0m▀[m[38;2;127;51;26m[48;2;47;13;10m▀[m[38;2;35;31;37m[48;2;23;19;23m▀[m[38;2;34;30;36m[48;2;11;9;12m▀[m[38;2;28;24;29m[48;2;0;0;0m▀[m[38;2;0;0;0m[48;2;0;0;0m▀[m[38;2;0;0;0m[48;2;0;0;0m▀[m[38;2;59;39;17m[48;2;0;0;0m▀[m[38;2;132;102;79m[48;2;133;100;68m▀[m[38;2;29;24;24m[48;2;68;55;46m▀[m[38;2;32;28;33m[48;2;5;4;5m▀[m[38;2;51;43;39m[48;2;0;0;0m▀[m[38;2;27;7;0m[48;2;106;47;3m▀[m[38;2;159;76;16m[48;2;184;103;59m▀[m[38;2;112;57;30m[48;2;90;72;65m▀[m[38;2;76;40;31m[48;2;23;17;18m▀[m[38;2;49;41;47m[48;2;15;12;14m▀[m[38;2;24;19;22m[48;2;49;42;47m▀[m[38;2;37;31;35m[48;2;29;24;27m▀[m[38;2;20;15;17m[48;2;45;38;42m▀[m[38;2;20;16;17m[48;2;0;0;0m▀[m[38;2;56;48;53m[48;2;16;12;15m▀[m[38;2;56;48;53m[48;2;51;44;48m▀[m[38;2;57;49;55m[48;2;16;13;15m▀[m[38;2;56;48;54m[48;2;1;1;0m▀[m[38;2;20;15;18m[48;2;36;31;28m▀[m[38;2;1;0;0m[48;2;87;75;71m▀[m[38;2;66;57;54m[48;2;71;61;63m▀[m[38;2;62;54;57m[48;2;55;47;54m▀[m[38;2;44;38;43m[48;2;49;43;49m▀[m[38;2;44;38;45m[48;2;44;38;43m▀[m[38;2;32;26;31m[48;2;0;0;0m▀[m[38;2;7;5;5m[48;2;95;28;0m▀[m[38;2;10;8;9m[48;2;206;70;1m▀[m[38;2;99;26;0m[48;2;160;49;0m▀[m[38;2;0;0;0m[48;2;0;0;0m▀[m[38;2;0;0;0m[48;2;0;0;0m▀[m[38;2;0;0;0m[48;2;0;0;0m▀[m[38;2;41;35;40m[48;2;14;11;12m▀[m[38;2;21;17;20m[48;2;33;27;29m▀[m[38;2;61;53;56m[48;2;82;72;70m▀[m[38;2;81;72;71m[48;2;64;56;59m▀[m[38;2;67;59;61m[48;2;42;37;41m▀[m[38;2;55;47;53m[48;2;24;21;24m▀[m[38;2;53;46;52m[48;2;23;20;22m▀[m[38;2;39;34;40m[48;2;23;20;24m▀[m[38;2;77;32;18m[48;2;32;27;31m▀[m[38;2;109;46;19m[48;2;118;54;32m▀[m[38;2;7;1;0m[48;2;104;43;16m▀[m[38;2;76;19;1m[48;2;0;0;0m▀[m[38;2;225;72;5m[48;2;118;31;2m▀[m[38;2;74;18;1m[48;2;122;33;2m▀[m[38;2;0;0;0m[48;2;0;0;0m▀[m[38;2;0;0;0m[48;2;54;14;0m▀[m[38;2;145;46;1m[48;2;76;22;1m▀[m[38;2;159;52;4m[48;2;0;0;0m▀[m[38;2;0;0;0m[48;2;0;0;0m▀[m[38;2;0;0;0m[48;2;0;0;0m▀[m[38;2;0;0;0m[48;2;0;0;0m▀[m[38;2;0;0;0m[48;2;0;0;0m▀[m[38;2;0;0;0m[48;2;0;0;0m▀[m[38;2;0;0;0m[48;2;0;0;0m▀[m[38;2;0;0;0m[48;2;0;0;0m▀[m[38;2;0;0;0m[48;2;0;0;0m▀[m[38;2;0;0;0m[48;2;0;0;0m▀[m
[38;2;0;0;0m[48;2;0;0;0m▀[m[38;2;0;0;0m[48;2;0;0;0m▀[m[38;2;0;0;0m[48;2;0;0;0m▀[m[38;2;0;0;0m[48;2;0;0;0m▀[m[38;2;0;0;0m[48;2;0;0;0m▀[m[38;2;0;0;0m[48;2;0;0;0m▀[m[38;2;0;0;0m[48;2;0;0;0m▀[m[38;2;0;0;0m[48;2;0;0;0m▀[m[38;2;0;0;0m[48;2;0;0;0m▀[m[38;2;124;32;2m[48;2;0;0;0m▀[m[38;2;200;59;3m[48;2;131;36;1m▀[m[38;2;95;25;1m[48;2;182;56;2m▀[m[38;2;96;27;1m[48;2;152;46;2m▀[m[38;2;55;11;0m[48;2;0;0;0m▀[m[38;2;0;0;0m[48;2;0;0;0m▀[m[38;2;0;0;0m[48;2;0;0;0m▀[m[38;2;0;0;0m[48;2;0;0;0m▀[m[38;2;0;0;0m[48;2;0;0;0m▀[m[38;2;0;0;0m[48;2;141;63;5m▀[m[38;2;108;49;4m[48;2;205;108;55m▀[m[38;2;167;85;34m[48;2;90;73;68m▀[m[38;2;156;105;66m[48;2;57;47;49m▀[m[38;2;55;38;29m[48;2;29;23;25m▀[m[38;2;153;90;55m[48;2;69;51;43m▀[m[38;2;51;43;44m[48;2;53;45;46m▀[m[38;2;35;29;32m[48;2;23;19;22m▀[m[38;2;0;0;0m[48;2;9;8;8m▀[m[38;2;38;31;36m[48;2;15;11;14m▀[m[38;2;3;2;3m[48;2;0;0;0m▀[m[38;2;56;48;52m[48;2;30;24;27m▀[m[38;2;7;5;6m[48;2;46;39;42m▀[m[38;2;1;1;1m[48;2;69;58;50m▀[m[38;2;7;5;5m[48;2;93;80;74m▀[m[38;2;28;22;20m[48;2;87;76;72m▀[m[38;2;74;63;60m[48;2;97;84;80m▀[m[38;2;106;92;87m[48;2;71;61;63m▀[m[38;2;74;64;66m[48;2;64;55;61m▀[m[38;2;57;50;56m[48;2;59;51;56m▀[m[38;2;55;48;54m[48;2;53;46;50m▀[m[38;2;47;41;46m[48;2;6;4;5m▀[m[38;2;5;4;5m[48;2;0;0;0m▀[m[38;2;89;26;0m[48;2;152;50;0m▀[m[38;2;228;82;1m[48;2;154;53;0m▀[m[38;2;201;74;1m[48;2;48;10;0m▀[m[38;2;11;1;0m[48;2;0;0;0m▀[m[38;2;0;0;0m[48;2;0;0;0m▀[m[38;2;0;0;0m[48;2;0;0;0m▀[m[38;2;0;0;0m[48;2;0;0;0m▀[m[38;2;0;0;0m[48;2;0;0;0m▀[m[38;2;62;54;54m[48;2;85;75;70m▀[m[38;2;84;73;71m[48;2;57;49;46m▀[m[38;2;21;17;19m[48;2;107;32;0m▀[m[38;2;69;19;0m[48;2;227;81;0m▀[m[38;2;157;56;0m[48;2;236;88;1m▀[m[38;2;171;58;0m[48;2;233;86;1m▀[m[38;2;146;48;1m[48;2;231;82;1m▀[m[38;2;63;15;0m[48;2;224;77;1m▀[m[38;2;51;20;8m[48;2;123;37;0m▀[m[38;2;131;57;23m[48;2;98;37;9m▀[m[38;2;0;0;0m[48;2;0;0;0m▀[m[38;2;0;0;0m[48;2;0;0;0m▀[m[38;2;0;0;0m[48;2;35;6;0m▀[m[38;2;96;32;1m[48;2;13;2;0m▀[m[38;2;210;76;4m[48;2;22;4;0m▀[m[38;2;80;23;1m[48;2;0;0;0m▀[m[38;2;0;0;0m[48;2;0;0;0m▀[m[38;2;0;0;0m[48;2;0;0;0m▀[m[38;2;0;0;0m[48;2;0;0;0m▀[m[38;2;0;0;0m[48;2;0;0;0m▀[m[38;2;0;0;0m[48;2;0;0;0m▀[m[38;2;0;0;0m[48;2;0;0;0m▀[m[38;2;0;0;0m[48;2;0;0;0m▀[m[38;2;0;0;0m[48;2;0;0;0m▀[m[38;2;0;0;0m[48;2;0;0;0m▀[m[38;2;0;0;0m[48;2;0;0;0m▀[m
[38;2;0;0;0m[48;2;0;0;0m▀[m[38;2;0;0;0m[48;2;0;0;0m▀[m[38;2;0;0;0m[48;2;0;0;0m▀[m[38;2;0;0;0m[48;2;0;0;0m▀[m[38;2;0;0;0m[48;2;0;0;0m▀[m[38;2;0;0;0m[48;2;0;0;0m▀[m[38;2;0;0;0m[48;2;0;0;0m▀[m[38;2;0;0;0m[48;2;0;0;0m▀[m[38;2;0;0;0m[48;2;0;0;0m▀[m[38;2;0;0;0m[48;2;0;0;0m▀[m[38;2;0;0;0m[48;2;0;0;0m▀[m[38;2;0;0;0m[48;2;0;0;0m▀[m[38;2;0;0;0m[48;2;0;0;0m▀[m[38;2;0;0;0m[48;2;0;0;0m▀[m[38;2;190;68;5m[48;2;111;35;1m▀[m[38;2;124;40;2m[48;2;190;64;3m▀[m[38;2;0;0;0m[48;2;60;12;0m▀[m[38;2;0;0;0m[48;2;0;0;0m▀[m[38;2;189;89;12m[48;2;99;43;3m▀[m[38;2;169;96;58m[48;2;185;92;30m▀[m[38;2;41;33;36m[48;2;137;86;63m▀[m[38;2;48;41;37m[48;2;85;72;68m▀[m[38;2;53;45;45m[48;2;53;46;48m▀[m[38;2;34;29;31m[48;2;33;28;30m▀[m[38;2;0;0;0m[48;2;0;0;0m▀[m[38;2;0;0;0m[48;2;6;4;5m▀[m[38;2;28;24;28m[48;2;39;33;38m▀[m[38;2;0;0;0m[48;2;0;0;0m▀[m[38;2;5;3;4m[48;2;41;35;38m▀[m[38;2;0;0;0m[48;2;0;0;0m▀[m[38;2;41;34;37m[48;2;0;0;0m▀[m[38;2;40;34;36m[48;2;50;42;45m▀[m[38;2;27;22;26m[48;2;53;45;48m▀[m[38;2;53;45;48m[48;2;34;27;31m▀[m[38;2;59;51;56m[48;2;49;41;45m▀[m[38;2;61;52;57m[48;2;60;51;56m▀[m[38;2;61;52;57m[48;2;41;34;38m▀[m[38;2;52;44;47m[48;2;0;0;0m▀[m[38;2;7;5;6m[48;2;0;0;0m▀[m[38;2;0;0;0m[48;2;35;29;25m▀[m[38;2;0;0;0m[48;2;48;39;34m▀[m[38;2;1;0;0m[48;2;0;0;0m▀[m[38;2;0;0;0m[48;2;0;0;0m▀[m[38;2;0;0;0m[48;2;0;0;0m▀[m[38;2;0;0;0m[48;2;0;0;0m▀[m[38;2;0;0;0m[48;2;0;0;0m▀[m[38;2;0;0;0m[48;2;0;0;0m▀[m[38;2;0;0;0m[48;2;0;0;0m▀[m[38;2;0;0;0m[48;2;0;0;0m▀[m[38;2;81;72;66m[48;2;47;40;37m▀[m[38;2;9;6;5m[48;2;0;0;0m▀[m[38;2;207;76;0m[48;2;228;88;1m▀[m[38;2;235;87;0m[48;2;235;91;0m▀[m[38;2;236;90;1m[48;2;199;74;0m▀[m[38;2;237;90;1m[48;2;235;87;0m▀[m[38;2;234;84;0m[48;2;227;83;0m▀[m[38;2;228;78;1m[48;2;176;55;0m▀[m[38;2;218;71;0m[48;2;229;76;1m▀[m[38;2;6;1;0m[48;2;24;2;0m▀[m[38;2;0;0;0m[48;2;0;0;0m▀[m[38;2;0;0;0m[48;2;50;10;0m▀[m[38;2;121;46;2m[48;2;201;72;4m▀[m[38;2;133;48;2m[48;2;132;45;2m▀[m[38;2;0;0;0m[48;2;0;0;0m▀[m[38;2;0;0;0m[48;2;0;0;0m▀[m[38;2;0;0;0m[48;2;0;0;0m▀[m[38;2;0;0;0m[48;2;0;0;0m▀[m[38;2;0;0;0m[48;2;0;0;0m▀[m[38;2;0;0;0m[48;2;0;0;0m▀[m[38;2;0;0;0m[48;2;0;0;0m▀[m[38;2;0;0;0m[48;2;0;0;0m▀[m[38;2;0;0;0m[48;2;0;0;0m▀[m[38;2;0;0;0m[48;2;0;0;0m▀[m[38;2;0;0;0m[48;2;0;0;0m▀[m[38;2;0;0;0m[48;2;0;0;0m▀[m
[38;2;0;0;0m[48;2;0;0;0m▀[m[38;2;0;0;0m[48;2;0;0;0m▀[m[38;2;0;0;0m[48;2;0;0;0m▀[m[38;2;0;0;0m[48;2;0;0;0m▀[m[38;2;0;0;0m[48;2;0;0;0m▀[m[38;2;0;0;0m[48;2;0;0;0m▀[m[38;2;0;0;0m[48;2;0;0;0m▀[m[38;2;0;0;0m[48;2;0;0;0m▀[m[38;2;0;0;0m[48;2;0;0;0m▀[m[38;2;0;0;0m[48;2;0;0;0m▀[m[38;2;0;0;0m[48;2;0;0;0m▀[m[38;2;0;0;0m[48;2;0;0;0m▀[m[38;2;0;0;0m[48;2;0;0;0m▀[m[38;2;0;0;0m[48;2;0;0;0m▀[m[38;2;0;0;0m[48;2;0;0;0m▀[m[38;2;0;0;0m[48;2;0;0;0m▀[m[38;2;0;0;0m[48;2;0;0;0m▀[m[38;2;0;0;0m[48;2;0;0;0m▀[m[38;2;0;0;0m[48;2;0;0;0m▀[m[38;2;162;82;14m[48;2;75;33;3m▀[m[38;2;201;110;55m[48;2;163;83;18m▀[m[38;2;54;46;47m[48;2;208;114;49m▀[m[38;2;48;40;38m[48;2;106;86;76m▀[m[38;2;72;62;60m[48;2;53;46;51m▀[m[38;2;40;34;39m[48;2;20;18;21m▀[m[38;2;23;19;22m[48;2;3;0;0m▀[m[38;2;24;20;24m[48;2;0;0;0m▀[m[38;2;11;9;10m[48;2;24;19;22m▀[m[38;2;53;46;51m[48;2;55;47;53m▀[m[38;2;0;0;0m[48;2;0;0;0m▀[m[38;2;0;0;0m[48;2;0;0;0m▀[m[38;2;0;0;0m[48;2;0;0;0m▀[m[38;2;42;35;38m[48;2;0;0;0m▀[m[38;2;58;50;54m[48;2;16;14;14m▀[m[38;2;47;40;45m[48;2;0;0;0m▀[m[38;2;20;16;18m[48;2;40;33;31m▀[m[38;2;0;0;0m[48;2;70;59;56m▀[m[38;2;32;26;25m[48;2;85;71;68m▀[m[38;2;67;57;55m[48;2;84;71;69m▀[m[38;2;80;68;66m[48;2;50;43;42m▀[m[38;2;26;21;20m[48;2;0;0;0m▀[m[38;2;0;0;0m[48;2;0;0;0m▀[m[38;2;0;0;0m[48;2;15;9;6m▀[m[38;2;0;0;0m[48;2;0;0;0m▀[m[38;2;0;0;0m[48;2;4;3;3m▀[m[38;2;0;0;0m[48;2;48;40;38m▀[m[38;2;0;0;0m[48;2;63;52;51m▀[m[38;2;0;0;0m[48;2;44;36;35m▀[m[38;2;0;0;0m[48;2;0;0;0m▀[m[38;2;0;0;0m[48;2;0;0;0m▀[m[38;2;0;0;0m[48;2;0;0;0m▀[m[38;2;160;55;0m[48;2;0;0;0m▀[m[38;2;205;74;0m[48;2;0;0;0m▀[m[38;2;153;58;0m[48;2;89;27;0m▀[m[38;2;234;87;0m[48;2;157;57;0m▀[m[38;2;219;79;1m[48;2;111;34;0m▀[m[38;2;128;40;0m[48;2;0;0;0m▀[m[38;2;176;59;1m[48;2;0;0;0m▀[m[38;2;0;0;0m[48;2;0;0;0m▀[m[38;2;0;0;0m[48;2;0;0;0m▀[m[38;2;132;41;1m[48;2;0;0;0m▀[m[38;2;139;44;1m[48;2;0;0;0m▀[m[38;2;0;0;0m[48;2;0;0;0m▀[m[38;2;0;0;0m[48;2;0;0;0m▀[m[38;2;0;0;0m[48;2;0;0;0m▀[m[38;2;0;0;0m[48;2;0;0;0m▀[m[38;2;0;0;0m[48;2;0;0;0m▀[m[38;2;0;0;0m[48;2;0;0;0m▀[m[38;2;0;0;0m[48;2;0;0;0m▀[m[38;2;0;0;0m[48;2;0;0;0m▀[m[38;2;0;0;0m[48;2;0;0;0m▀[m[38;2;0;0;0m[48;2;0;0;0m▀[m[38;2;0;0;0m[48;2;0;0;0m▀[m[38;2;0;0;0m[48;2;0;0;0m▀[m[38;2;0;0;0m[48;2;0;0;0m▀[m
[38;2;0;0;0m[48;2;0;0;0m▀[m[38;2;0;0;0m[48;2;0;0;0m▀[m[38;2;0;0;0m[48;2;0;0;0m▀[m[38;2;0;0;0m[48;2;0;0;0m▀[m[38;2;0;0;0m[48;2;0;0;0m▀[m[38;2;0;0;0m[48;2;0;0;0m▀[m[38;2;0;0;0m[48;2;0;0;0m▀[m[38;2;0;0;0m[48;2;0;0;0m▀[m[38;2;0;0;0m[48;2;0;0;0m▀[m[38;2;0;0;0m[48;2;0;0;0m▀[m[38;2;0;0;0m[48;2;0;0;0m▀[m[38;2;0;0;0m[48;2;0;0;0m▀[m[38;2;0;0;0m[48;2;0;0;0m▀[m[38;2;0;0;0m[48;2;0;0;0m▀[m[38;2;0;0;0m[48;2;0;0;0m▀[m[38;2;0;0;0m[48;2;0;0;0m▀[m[38;2;0;0;0m[48;2;0;0;0m▀[m[38;2;0;0;0m[48;2;0;0;0m▀[m[38;2;0;0;0m[48;2;0;0;0m▀[m[38;2;0;0;0m[48;2;0;0;0m▀[m[38;2;3;1;0m[48;2;0;0;0m▀[m[38;2;198;101;19m[48;2;0;0;0m▀[m[38;2;142;80;42m[48;2;40;9;1m▀[m[38;2;30;24;20m[48;2;137;65;29m▀[m[38;2;99;37;17m[48;2;108;44;29m▀[m[38;2;179;72;7m[48;2;128;51;17m▀[m[38;2;0;0;0m[48;2;121;48;5m▀[m[38;2;32;27;30m[48;2;30;24;26m▀[m[38;2;56;48;54m[48;2;58;49;52m▀[m[38;2;21;17;20m[48;2;56;47;53m▀[m[38;2;24;19;22m[48;2;54;47;53m▀[m[38;2;39;33;38m[48;2;52;45;51m▀[m[38;2;0;0;0m[48;2;21;17;18m▀[m[38;2;46;38;36m[48;2;62;52;51m▀[m[38;2;70;59;56m[48;2;74;63;62m▀[m[38;2;80;67;65m[48;2;79;66;65m▀[m[38;2;81;68;65m[48;2;77;65;63m▀[m[38;2;84;71;68m[48;2;48;40;39m▀[m[38;2;56;48;46m[48;2;1;1;1m▀[m[38;2;0;0;0m[48;2;42;34;34m▀[m[38;2;5;3;3m[48;2;73;62;59m▀[m[38;2;53;44;41m[48;2;46;39;36m▀[m[38;2;31;23;21m[48;2;25;20;18m▀[m[38;2;26;21;19m[48;2;72;59;56m▀[m[38;2;71;59;56m[48;2;58;47;45m▀[m[38;2;75;62;61m[48;2;24;20;19m▀[m[38;2;49;40;39m[48;2;0;0;0m▀[m[38;2;0;0;0m[48;2;0;0;0m▀[m[38;2;0;0;0m[48;2;0;0;0m▀[m[38;2;0;0;0m[48;2;0;0;0m▀[m[38;2;0;0;0m[48;2;0;0;0m▀[m[38;2;0;0;0m[48;2;0;0;0m▀[m[38;2;0;0;0m[48;2;0;0;0m▀[m[38;2;0;0;0m[48;2;0;0;0m▀[m[38;2;0;0;0m[48;2;0;0;0m▀[m[38;2;0;0;0m[48;2;0;0;0m▀[m[38;2;0;0;0m[48;2;140;45;3m▀[m[38;2;114;36;1m[48;2;184;61;2m▀[m[38;2;169;56;3m[48;2;110;34;1m▀[m[38;2;0;0;0m[48;2;0;0;0m▀[m[38;2;0;0;0m[48;2;0;0;0m▀[m[38;2;0;0;0m[48;2;0;0;0m▀[m[38;2;0;0;0m[48;2;0;0;0m▀[m[38;2;0;0;0m[48;2;0;0;0m▀[m[38;2;0;0;0m[48;2;0;0;0m▀[m[38;2;0;0;0m[48;2;0;0;0m▀[m[38;2;0;0;0m[48;2;0;0;0m▀[m[38;2;0;0;0m[48;2;0;0;0m▀[m[38;2;0;0;0m[48;2;0;0;0m▀[m[38;2;0;0;0m[48;2;0;0;0m▀[m[38;2;0;0;0m[48;2;0;0;0m▀[m[38;2;0;0;0m[48;2;0;0;0m▀[m[38;2;0;0;0m[48;2;0;0;0m▀[m[38;2;0;0;0m[48;2;0;0;0m▀[m[38;2;0;0;0m[48;2;0;0;0m▀[m
[38;2;0;0;0m[48;2;0;0;0m▀[m[38;2;0;0;0m[48;2;0;0;0m▀[m[38;2;0;0;0m[48;2;0;0;0m▀[m[38;2;0;0;0m[48;2;0;0;0m▀[m[38;2;0;0;0m[48;2;0;0;0m▀[m[38;2;0;0;0m[48;2;0;0;0m▀[m[38;2;0;0;0m[48;2;0;0;0m▀[m[38;2;0;0;0m[48;2;0;0;0m▀[m[38;2;0;0;0m[48;2;0;0;0m▀[m[38;2;0;0;0m[48;2;0;0;0m▀[m[38;2;0;0;0m[48;2;0;0;0m▀[m[38;2;0;0;0m[48;2;0;0;0m▀[m[38;2;0;0;0m[48;2;0;0;0m▀[m[38;2;0;0;0m[48;2;0;0;0m▀[m[38;2;0;0;0m[48;2;0;0;0m▀[m[38;2;0;0;0m[48;2;0;0;0m▀[m[38;2;0;0;0m[48;2;0;0;0m▀[m[38;2;0;0;0m[48;2;0;0;0m▀[m[38;2;0;0;0m[48;2;0;0;0m▀[m[38;2;0;0;0m[48;2;0;0;0m▀[m[38;2;0;0;0m[48;2;0;0;0m▀[m[38;2;0;0;0m[48;2;0;0;0m▀[m[38;2;0;0;0m[48;2;0;0;0m▀[m[38;2;165;78;9m[48;2;64;27;1m▀[m[38;2;81;46;41m[48;2;180;94;21m▀[m[38;2;134;59;35m[48;2;84;39;32m▀[m[38;2;150;57;6m[48;2;151;58;31m▀[m[38;2;43;7;0m[48;2;108;52;36m▀[m[38;2;26;21;22m[48;2;1;1;1m▀[m[38;2;59;49;53m[48;2;13;10;11m▀[m[38;2;61;53;57m[48;2;46;39;42m▀[m[38;2;54;46;51m[48;2;63;53;56m▀[m[38;2;38;33;35m[48;2;60;51;52m▀[m[38;2;1;1;1m[48;2;0;0;0m▀[m[38;2;55;45;44m[48;2;0;0;0m▀[m[38;2;76;63;62m[48;2;42;34;33m▀[m[38;2;60;50;49m[48;2;78;65;64m▀[m[38;2;52;43;43m[48;2;79;68;66m▀[m[38;2;71;60;58m[48;2;81;69;67m▀[m[38;2;73;62;62m[48;2;41;34;32m▀[m[38;2;50;41;39m[48;2;0;0;0m▀[m[38;2;0;0;0m[48;2;0;0;0m▀[m[38;2;4;3;3m[48;2;0;0;0m▀[m[38;2;0;0;0m[48;2;0;0;0m▀[m[38;2;0;0;0m[48;2;0;0;0m▀[m[38;2;0;0;0m[48;2;0;0;0m▀[m[38;2;0;0;0m[48;2;0;0;0m▀[m[38;2;0;0;0m[48;2;0;0;0m▀[m[38;2;0;0;0m[48;2;0;0;0m▀[m[38;2;0;0;0m[48;2;0;0;0m▀[m[38;2;0;0;0m[48;2;0;0;0m▀[m[38;2;0;0;0m[48;2;0;0;0m▀[m[38;2;0;0;0m[48;2;0;0;0m▀[m[38;2;0;0;0m[48;2;0;0;0m▀[m[38;2;0;0;0m[48;2;0;0;0m▀[m[38;2;0;0;0m[48;2;0;0;0m▀[m[38;2;0;0;0m[48;2;0;0;0m▀[m[38;2;0;0;0m[48;2;0;0;0m▀[m[38;2;0;0;0m[48;2;0;0;0m▀[m[38;2;0;0;0m[48;2;0;0;0m▀[m[38;2;0;0;0m[48;2;0;0;0m▀[m[38;2;0;0;0m[48;2;0;0;0m▀[m[38;2;0;0;0m[48;2;0;0;0m▀[m[38;2;0;0;0m[48;2;0;0;0m▀[m[38;2;0;0;0m[48;2;0;0;0m▀[m[38;2;0;0;0m[48;2;0;0;0m▀[m[38;2;0;0;0m[48;2;0;0;0m▀[m[38;2;0;0;0m[48;2;0;0;0m▀[m[38;2;0;0;0m[48;2;0;0;0m▀[m[38;2;0;0;0m[48;2;0;0;0m▀[m[38;2;0;0;0m[48;2;0;0;0m▀[m[38;2;0;0;0m[48;2;0;0;0m▀[m[38;2;0;0;0m[48;2;0;0;0m▀[m[38;2;0;0;0m[48;2;0;0;0m▀[m[38;2;0;0;0m[48;2;0;0;0m▀[m
[38;2;0;0;0m[48;2;0;0;0m▀[m[38;2;0;0;0m[48;2;0;0;0m▀[m[38;2;0;0;0m[48;2;0;0;0m▀[m[38;2;0;0;0m[48;2;0;0;0m▀[m[38;2;0;0;0m[48;2;0;0;0m▀[m[38;2;0;0;0m[48;2;0;0;0m▀[m[38;2;0;0;0m[48;2;0;0;0m▀[m[38;2;0;0;0m[48;2;0;0;0m▀[m[38;2;0;0;0m[48;2;0;0;0m▀[m[38;2;0;0;0m[48;2;0;0;0m▀[m[38;2;0;0;0m[48;2;0;0;0m▀[m[38;2;0;0;0m[48;2;0;0;0m▀[m[38;2;0;0;0m[48;2;0;0;0m▀[m[38;2;0;0;0m[48;2;0;0;0m▀[m[38;2;0;0;0m[48;2;0;0;0m▀[m[38;2;0;0;0m[48;2;0;0;0m▀[m[38;2;0;0;0m[48;2;0;0;0m▀[m[38;2;0;0;0m[48;2;0;0;0m▀[m[38;2;0;0;0m[48;2;0;0;0m▀[m[38;2;0;0;0m[48;2;0;0;0m▀[m[38;2;0;0;0m[48;2;0;0;0m▀[m[38;2;0;0;0m[48;2;0;0;0m▀[m[38;2;0;0;0m[48;2;0;0;0m▀[m[38;2;0;0;0m[48;2;0;0;0m▀[m[38;2;153;73;7m[48;2;6;2;1m▀[m[38;2;86;50;36m[48;2;169;125;83m▀[m[38;2;96;65;40m[48;2;58;48;45m▀[m[38;2;78;61;55m[48;2;29;24;30m▀[m[38;2;45;37;37m[48;2;28;23;23m▀[m[38;2;0;0;0m[48;2;0;0;0m▀[m[38;2;0;0;0m[48;2;0;0;0m▀[m[38;2;29;24;24m[48;2;0;0;0m▀[m[38;2;63;53;51m[48;2;0;0;0m▀[m[38;2;37;29;26m[48;2;1;0;0m▀[m[38;2;0;0;0m[48;2;0;0;0m▀[m[38;2;0;0;0m[48;2;0;0;0m▀[m[38;2;15;10;9m[48;2;0;0;0m▀[m[38;2;54;46;44m[48;2;0;0;0m▀[m[38;2;26;22;20m[48;2;0;0;0m▀[m[38;2;0;0;0m[48;2;0;0;0m▀[m[38;2;0;0;0m[48;2;0;0;0m▀[m[38;2;0;0;0m[48;2;0;0;0m▀[m[38;2;0;0;0m[48;2;0;0;0m▀[m[38;2;0;0;0m[48;2;0;0;0m▀[m[38;2;0;0;0m[48;2;0;0;0m▀[m[38;2;0;0;0m[48;2;0;0;0m▀[m[38;2;0;0;0m[48;2;0;0;0m▀[m[38;2;0;0;0m[48;2;0;0;0m▀[m[38;2;0;0;0m[48;2;0;0;0m▀[m[38;2;0;0;0m[48;2;0;0;0m▀[m[38;2;0;0;0m[48;2;0;0;0m▀[m[38;2;0;0;0m[48;2;0;0;0m▀[m[38;2;0;0;0m[48;2;0;0;0m▀[m[38;2;0;0;0m[48;2;0;0;0m▀[m[38;2;0;0;0m[48;2;0;0;0m▀[m[38;2;0;0;0m[48;2;0;0;0m▀[m[38;2;0;0;0m[48;2;0;0;0m▀[m[38;2;0;0;0m[48;2;0;0;0m▀[m[38;2;0;0;0m[48;2;0;0;0m▀[m[38;2;0;0;0m[48;2;0;0;0m▀[m[38;2;0;0;0m[48;2;0;0;0m▀[m[38;2;0;0;0m[48;2;0;0;0m▀[m[38;2;0;0;0m[48;2;0;0;0m▀[m[38;2;0;0;0m[48;2;0;0;0m▀[m[38;2;0;0;0m[48;2;0;0;0m▀[m[38;2;0;0;0m[48;2;0;0;0m▀[m[38;2;0;0;0m[48;2;0;0;0m▀[m[38;2;0;0;0m[48;2;0;0;0m▀[m[38;2;0;0;0m[48;2;0;0;0m▀[m[38;2;0;0;0m[48;2;0;0;0m▀[m[38;2;0;0;0m[48;2;0;0;0m▀[m[38;2;0;0;0m[48;2;0;0;0m▀[m[38;2;0;0;0m[48;2;0;0;0m▀[m[38;2;0;0;0m[48;2;0;0;0m▀[m[38;2;0;0;0m[48;2;0;0;0m▀[m
[38;2;0;0;0m[48;2;0;0;0m▀[m[38;2;0;0;0m[48;2;0;0;0m▀[m[38;2;0;0;0m[48;2;0;0;0m▀[m[38;2;0;0;0m[48;2;0;0;0m▀[m[38;2;0;0;0m[48;2;0;0;0m▀[m[38;2;0;0;0m[48;2;0;0;0m▀[m[38;2;0;0;0m[48;2;0;0;0m▀[m[38;2;0;0;0m[48;2;0;0;0m▀[m[38;2;0;0;0m[48;2;0;0;0m▀[m[38;2;0;0;0m[48;2;0;0;0m▀[m[38;2;0;0;0m[48;2;0;0;0m▀[m[38;2;0;0;0m[48;2;0;0;0m▀[m[38;2;0;0;0m[48;2;0;0;0m▀[m[38;2;0;0;0m[48;2;0;0;0m▀[m[38;2;0;0;0m[48;2;0;0;0m▀[m[38;2;0;0;0m[48;2;0;0;0m▀[m[38;2;0;0;0m[48;2;0;0;0m▀[m[38;2;0;0;0m[48;2;0;0;0m▀[m[38;2;0;0;0m[48;2;0;0;0m▀[m[38;2;0;0;0m[48;2;0;0;0m▀[m[38;2;0;0;0m[48;2;0;0;0m▀[m[38;2;0;0;0m[48;2;0;0;0m▀[m[38;2;0;0;0m[48;2;0;0;0m▀[m[38;2;0;0;0m[48;2;0;0;0m▀[m[38;2;0;0;0m[48;2;0;0;0m▀[m[38;2;74;60;47m[48;2;0;0;0m▀[m[38;2;72;62;55m[48;2;0;0;0m▀[m[38;2;2;1;2m[48;2;0;0;0m▀[m[38;2;0;0;0m[48;2;0;0;0m▀[m[38;2;0;0;0m[48;2;0;0;0m▀[m[38;2;0;0;0m[48;2;0;0;0m▀[m[38;2;0;0;0m[48;2;0;0;0m▀[m[38;2;0;0;0m[48;2;0;0;0m▀[m[38;2;0;0;0m[48;2;0;0;0m▀[m[38;2;0;0;0m[48;2;0;0;0m▀[m[38;2;0;0;0m[48;2;0;0;0m▀[m[38;2;0;0;0m[48;2;0;0;0m▀[m[38;2;0;0;0m[48;2;0;0;0m▀[m[38;2;0;0;0m[48;2;0;0;0m▀[m[38;2;0;0;0m[48;2;0;0;0m▀[m[38;2;0;0;0m[48;2;0;0;0m▀[m[38;2;0;0;0m[48;2;0;0;0m▀[m[38;2;0;0;0m[48;2;0;0;0m▀[m[38;2;0;0;0m[48;2;0;0;0m▀[m[38;2;0;0;0m[48;2;0;0;0m▀[m[38;2;0;0;0m[48;2;0;0;0m▀[m[38;2;0;0;0m[48;2;0;0;0m▀[m[38;2;0;0;0m[48;2;0;0;0m▀[m[38;2;0;0;0m[48;2;0;0;0m▀[m[38;2;0;0;0m[48;2;0;0;0m▀[m[38;2;0;0;0m[48;2;0;0;0m▀[m[38;2;0;0;0m[48;2;0;0;0m▀[m[38;2;0;0;0m[48;2;0;0;0m▀[m[38;2;0;0;0m[48;2;0;0;0m▀[m[38;2;0;0;0m[48;2;0;0;0m▀[m[38;2;0;0;0m[48;2;0;0;0m▀[m[38;2;0;0;0m[48;2;0;0;0m▀[m[38;2;0;0;0m[48;2;0;0;0m▀[m[38;2;0;0;0m[48;2;0;0;0m▀[m[38;2;0;0;0m[48;2;0;0;0m▀[m[38;2;0;0;0m[48;2;0;0;0m▀[m[38;2;0;0;0m[48;2;0;0;0m▀[m[38;2;0;0;0m[48;2;0;0;0m▀[m[38;2;0;0;0m[48;2;0;0;0m▀[m[38;2;0;0;0m[48;2;0;0;0m▀[m[38;2;0;0;0m[48;2;0;0;0m▀[m[38;2;0;0;0m[48;2;0;0;0m▀[m[38;2;0;0;0m[48;2;0;0;0m▀[m[38;2;0;0;0m[48;2;0;0;0m▀[m[38;2;0;0;0m[48;2;0;0;0m▀[m[38;2;0;0;0m[48;2;0;0;0m▀[m[38;2;0;0;0m[48;2;0;0;0m▀[m[38;2;0;0;0m[48;2;0;0;0m▀[m[38;2;0;0;0m[48;2;0;0;0m▀[m[38;2;0;0;0m[48;2;0;0;0m▀[m
[38;2;0;0;0m[48;2;0;0;0m▀[m[38;2;0;0;0m[48;2;0;0;0m▀[m[38;2;0;0;0m[48;2;0;0;0m▀[m[38;2;0;0;0m[48;2;0;0;0m▀[m[38;2;0;0;0m[48;2;0;0;0m▀[m[38;2;0;0;0m[48;2;0;0;0m▀[m[38;2;0;0;0m[48;2;0;0;0m▀[m[38;2;0;0;0m[48;2;0;0;0m▀[m[38;2;0;0;0m[48;2;0;0;0m▀[m[38;2;0;0;0m[48;2;0;0;0m▀[m[38;2;0;0;0m[48;2;0;0;0m▀[m[38;2;0;0;0m[48;2;0;0;0m▀[m[38;2;0;0;0m[48;2;0;0;0m▀[m[38;2;0;0;0m[48;2;0;0;0m▀[m[38;2;0;0;0m[48;2;0;0;0m▀[m[38;2;0;0;0m[48;2;0;0;0m▀[m[38;2;0;0;0m[48;2;0;0;0m▀[m[38;2;0;0;0m[48;2;0;0;0m▀[m[38;2;0;0;0m[48;2;0;0;0m▀[m[38;2;0;0;0m[48;2;0;0;0m▀[m[38;2;0;0;0m[48;2;0;0;0m▀[m[38;2;0;0;0m[48;2;0;0;0m▀[m[38;2;0;0;0m[48;2;0;0;0m▀[m[38;2;0;0;0m[48;2;0;0;0m▀[m[38;2;0;0;0m[48;2;0;0;0m▀[m[38;2;0;0;0m[48;2;0;0;0m▀[m[38;2;0;0;0m[48;2;0;0;0m▀[m[38;2;0;0;0m[48;2;0;0;0m▀[m[38;2;0;0;0m[48;2;0;0;0m▀[m[38;2;0;0;0m[48;2;0;0;0m▀[m[38;2;0;0;0m[48;2;0;0;0m▀[m[38;2;0;0;0m[48;2;0;0;0m▀[m[38;2;0;0;0m[48;2;0;0;0m▀[m[38;2;0;0;0m[48;2;0;0;0m▀[m[38;2;0;0;0m[48;2;0;0;0m▀[m[38;2;0;0;0m[48;2;0;0;0m▀[m[38;2;0;0;0m[48;2;0;0;0m▀[m[38;2;0;0;0m[48;2;0;0;0m▀[m[38;2;0;0;0m[48;2;0;0;0m▀[m[38;2;0;0;0m[48;2;0;0;0m▀[m[38;2;0;0;0m[48;2;0;0;0m▀[m[38;2;0;0;0m[48;2;0;0;0m▀[m[38;2;0;0;0m[48;2;0;0;0m▀[m[38;2;0;0;0m[48;2;0;0;0m▀[m[38;2;0;0;0m[48;2;0;0;0m▀[m[38;2;0;0;0m[48;2;0;0;0m▀[m[38;2;0;0;0m[48;2;0;0;0m▀[m[38;2;0;0;0m[48;2;0;0;0m▀[m[38;2;0;0;0m[48;2;0;0;0m▀[m[38;2;0;0;0m[48;2;0;0;0m▀[m[38;2;0;0;0m[48;2;0;0;0m▀[m[38;2;0;0;0m[48;2;0;0;0m▀[m[38;2;0;0;0m[48;2;0;0;0m▀[m[38;2;0;0;0m[48;2;0;0;0m▀[m[38;2;0;0;0m[48;2;0;0;0m▀[m[38;2;0;0;0m[48;2;0;0;0m▀[m[38;2;0;0;0m[48;2;0;0;0m▀[m[38;2;0;0;0m[48;2;0;0;0m▀[m[38;2;0;0;0m[48;2;0;0;0m▀[m[38;2;0;0;0m[48;2;0;0;0m▀[m[38;2;0;0;0m[48;2;0;0;0m▀[m[38;2;0;0;0m[48;2;0;0;0m▀[m[38;2;0;0;0m[48;2;0;0;0m▀[m[38;2;0;0;0m[48;2;0;0;0m▀[m[38;2;0;0;0m[48;2;0;0;0m▀[m[38;2;0;0;0m[48;2;0;0;0m▀[m[38;2;0;0;0m[48;2;0;0;0m▀[m[38;2;0;0;0m[48;2;0;0;0m▀[m[38;2;0;0;0m[48;2;0;0;0m▀[m[38;2;0;0;0m[48;2;0;0;0m▀[m[38;2;0;0;0m[48;2;0;0;0m▀[m[38;2;0;0;0m[48;2;0;0;0m▀[m[38;2;0;0;0m[48;2;0;0;0m▀[m[38;2;0;0;0m[48;2;0;0;0m▀[m[38;2;0;0;0m[48;2;0;0;0m▀[m
[38;2;0;0;0m[48;2;0;0;0m▀[m[38;2;0;0;0m[48;2;0;0;0m▀[m[38;2;0;0;0m[48;2;0;0;0m▀[m[38;2;0;0;0m[48;2;0;0;0m▀[m[38;2;0;0;0m[48;2;0;0;0m▀[m[38;2;0;0;0m[48;2;0;0;0m▀[m[38;2;0;0;0m[48;2;0;0;0m▀[m[38;2;0;0;0m[48;2;0;0;0m▀[m[38;2;0;0;0m[48;2;0;0;0m▀[m[38;2;0;0;0m[48;2;0;0;0m▀[m[38;2;0;0;0m[48;2;0;0;0m▀[m[38;2;0;0;0m[48;2;0;0;0m▀[m[38;2;0;0;0m[48;2;0;0;0m▀[m[38;2;0;0;0m[48;2;0;0;0m▀[m[38;2;0;0;0m[48;2;0;0;0m▀[m[38;2;0;0;0m[48;2;0;0;0m▀[m[38;2;0;0;0m[48;2;0;0;0m▀[m[38;2;0;0;0m[48;2;0;0;0m▀[m[38;2;0;0;0m[48;2;0;0;0m▀[m[38;2;0;0;0m[48;2;0;0;0m▀[m[38;2;0;0;0m[48;2;0;0;0m▀[m[38;2;0;0;0m[48;2;0;0;0m▀[m[38;2;0;0;0m[48;2;0;0;0m▀[m[38;2;0;0;0m[48;2;0;0;0m▀[m[38;2;0;0;0m[48;2;0;0;0m▀[m[38;2;0;0;0m[48;2;0;0;0m▀[m[38;2;0;0;0m[48;2;0;0;0m▀[m[38;2;0;0;0m[48;2;0;0;0m▀[m[38;2;0;0;0m[48;2;0;0;0m▀[m[38;2;0;0;0m[48;2;0;0;0m▀[m[38;2;0;0;0m[48;2;0;0;0m▀[m[38;2;0;0;0m[48;2;0;0;0m▀[m[38;2;0;0;0m[48;2;0;0;0m▀[m[38;2;0;0;0m[48;2;0;0;0m▀[m[38;2;0;0;0m[48;2;0;0;0m▀[m[38;2;0;0;0m[48;2;0;0;0m▀[m[38;2;0;0;0m[48;2;0;0;0m▀[m[38;2;0;0;0m[48;2;0;0;0m▀[m[38;2;0;0;0m[48;2;0;0;0m▀[m[38;2;0;0;0m[48;2;0;0;0m▀[m[38;2;0;0;0m[48;2;0;0;0m▀[m[38;2;0;0;0m[48;2;0;0;0m▀[m[38;2;0;0;0m[48;2;0;0;0m▀[m[38;2;0;0;0m[48;2;0;0;0m▀[m[38;2;0;0;0m[48;2;0;0;0m▀[m[38;2;0;0;0m[48;2;0;0;0m▀[m[38;2;0;0;0m[48;2;0;0;0m▀[m[38;2;0;0;0m[48;2;0;0;0m▀[m[38;2;0;0;0m[48;2;0;0;0m▀[m[38;2;0;0;0m[48;2;0;0;0m▀[m[38;2;0;0;0m[48;2;0;0;0m▀[m[38;2;0;0;0m[48;2;0;0;0m▀[m[38;2;0;0;0m[48;2;0;0;0m▀[m[38;2;0;0;0m[48;2;0;0;0m▀[m[38;2;0;0;0m[48;2;0;0;0m▀[m[38;2;0;0;0m[48;2;0;0;0m▀[m[38;2;0;0;0m[48;2;0;0;0m▀[m[38;2;0;0;0m[48;2;0;0;0m▀[m[38;2;0;0;0m[48;2;0;0;0m▀[m[38;2;0;0;0m[48;2;0;0;0m▀[m[38;2;0;0;0m[48;2;0;0;0m▀[m[38;2;0;0;0m[48;2;0;0;0m▀[m[38;2;0;0;0m[48;2;0;0;0m▀[m[38;2;0;0;0m[48;2;0;0;0m▀[m[38;2;0;0;0m[48;2;0;0;0m▀[m[38;2;0;0;0m[48;2;0;0;0m▀[m[38;2;0;0;0m[48;2;0;0;0m▀[m[38;2;0;0;0m[48;2;0;0;0m▀[m[38;2;0;0;0m[48;2;0;0;0m▀[m[38;2;0;0;0m[48;2;0;0;0m▀[m[38;2;0;0;0m[48;2;0;0;0m▀[m[38;2;0;0;0m[48;2;0;0;0m▀[m[38;2;0;0;0m[48;2;0;0;0m▀[m[38;2;0;0;0m[48;2;0;0;0m▀[m[38;2;0;0;0m[48;2;0;0;0m▀[m
[38;2;0;0;0m[48;2;0;0;0m▀[m[38;2;0;0;0m[48;2;0;0;0m▀[m[38;2;0;0;0m[48;2;0;0;0m▀[m[38;2;0;0;0m[48;2;0;0;0m▀[m[38;2;0;0;0m[48;2;0;0;0m▀[m[38;2;0;0;0m[48;2;0;0;0m▀[m[38;2;0;0;0m[48;2;0;0;0m▀[m[38;2;0;0;0m[48;2;0;0;0m▀[m[38;2;0;0;0m[48;2;0;0;0m▀[m[38;2;0;0;0m[48;2;0;0;0m▀[m[38;2;0;0;0m[48;2;0;0;0m▀[m[38;2;0;0;0m[48;2;0;0;0m▀[m[38;2;0;0;0m[48;2;0;0;0m▀[m[38;2;0;0;0m[48;2;0;0;0m▀[m[38;2;0;0;0m[48;2;0;0;0m▀[m[38;2;0;0;0m[48;2;0;0;0m▀[m[38;2;0;0;0m[48;2;0;0;0m▀[m[38;2;0;0;0m[48;2;0;0;0m▀[m[38;2;0;0;0m[48;2;0;0;0m▀[m[38;2;0;0;0m[48;2;0;0;0m▀[m[38;2;0;0;0m[48;2;0;0;0m▀[m[38;2;0;0;0m[48;2;0;0;0m▀[m[38;2;0;0;0m[48;2;0;0;0m▀[m[38;2;0;0;0m[48;2;0;0;0m▀[m[38;2;0;0;0m[48;2;0;0;0m▀[m[38;2;0;0;0m[48;2;0;0;0m▀[m[38;2;0;0;0m[48;2;0;0;0m▀[m[38;2;0;0;0m[48;2;0;0;0m▀[m[38;2;0;0;0m[48;2;0;0;0m▀[m[38;2;0;0;0m[48;2;0;0;0m▀[m[38;2;0;0;0m[48;2;0;0;0m▀[m[38;2;0;0;0m[48;2;0;0;0m▀[m[38;2;0;0;0m[48;2;0;0;0m▀[m[38;2;0;0;0m[48;2;0;0;0m▀[m[38;2;0;0;0m[48;2;0;0;0m▀[m[38;2;0;0;0m[48;2;0;0;0m▀[m[38;2;0;0;0m[48;2;0;0;0m▀[m[38;2;0;0;0m[48;2;0;0;0m▀[m[38;2;0;0;0m[48;2;0;0;0m▀[m[38;2;0;0;0m[48;2;0;0;0m▀[m[38;2;0;0;0m[48;2;0;0;0m▀[m[38;2;0;0;0m[48;2;0;0;0m▀[m[38;2;0;0;0m[48;2;0;0;0m▀[m[38;2;0;0;0m[48;2;0;0;0m▀[m[38;2;0;0;0m[48;2;0;0;0m▀[m[38;2;0;0;0m[48;2;0;0;0m▀[m[38;2;0;0;0m[48;2;0;0;0m▀[m[38;2;0;0;0m[48;2;0;0;0m▀[m[38;2;0;0;0m[48;2;0;0;0m▀[m[38;2;0;0;0m[48;2;0;0;0m▀[m[38;2;0;0;0m[48;2;0;0;0m▀[m[38;2;0;0;0m[48;2;0;0;0m▀[m[38;2;0;0;0m[48;2;0;0;0m▀[m[38;2;0;0;0m[48;2;0;0;0m▀[m[38;2;0;0;0m[48;2;0;0;0m▀[m[38;2;0;0;0m[48;2;0;0;0m▀[m[38;2;0;0;0m[48;2;0;0;0m▀[m[38;2;0;0;0m[48;2;0;0;0m▀[m[38;2;0;0;0m[48;2;0;0;0m▀[m[38;2;0;0;0m[48;2;0;0;0m▀[m[38;2;0;0;0m[48;2;0;0;0m▀[m[38;2;0;0;0m[48;2;0;0;0m▀[m[38;2;0;0;0m[48;2;0;0;0m▀[m[38;2;0;0;0m[48;2;0;0;0m▀[m[38;2;0;0;0m[48;2;0;0;0m▀[m[38;2;0;0;0m[48;2;0;0;0m▀[m[38;2;0;0;0m[48;2;0;0;0m▀[m[38;2;0;0;0m[48;2;0;0;0m▀[m[38;2;0;0;0m[48;2;0;0;0m▀[m[38;2;0;0;0m[48;2;0;0;0m▀[m[38;2;0;0;0m[48;2;0;0;0m▀[m[38;2;0;0;0m[48;2;0;0;0m▀[m[38;2;0;0;0m[48;2;0;0;0m▀[m[38;2;0;0;0m[48;2;0;0;0m▀[m[38;2;0;0;0m[48;2;0;0;0m▀[m
[38;2;0;0;0m[48;2;0;0;0m▀[m[38;2;0;0;0m[48;2;0;0;0m▀[m[38;2;0;0;0m[48;2;0;0;0m▀[m[38;2;0;0;0m[48;2;0;0;0m▀[m[38;2;0;0;0m[48;2;0;0;0m▀[m[38;2;0;0;0m[48;2;0;0;0m▀[m[38;2;0;0;0m[48;2;0;0;0m▀[m[38;2;0;0;0m[48;2;0;0;0m▀[m[38;2;0;0;0m[48;2;0;0;0m▀[m[38;2;0;0;0m[48;2;0;0;0m▀[m[38;2;0;0;0m[48;2;0;0;0m▀[m[38;2;0;0;0m[48;2;0;0;0m▀[m[38;2;0;0;0m[48;2;0;0;0m▀[m[38;2;0;0;0m[48;2;0;0;0m▀[m[38;2;0;0;0m[48;2;0;0;0m▀[m[38;2;0;0;0m[48;2;0;0;0m▀[m[38;2;0;0;0m[48;2;0;0;0m▀[m[38;2;0;0;0m[48;2;0;0;0m▀[m[38;2;0;0;0m[48;2;0;0;0m▀[m[38;2;0;0;0m[48;2;0;0;0m▀[m[38;2;0;0;0m[48;2;0;0;0m▀[m[38;2;0;0;0m[48;2;0;0;0m▀[m[38;2;0;0;0m[48;2;0;0;0m▀[m[38;2;0;0;0m[48;2;0;0;0m▀[m[38;2;0;0;0m[48;2;0;0;0m▀[m[38;2;0;0;0m[48;2;0;0;0m▀[m[38;2;0;0;0m[48;2;0;0;0m▀[m[38;2;0;0;0m[48;2;0;0;0m▀[m[38;2;0;0;0m[48;2;0;0;0m▀[m[38;2;0;0;0m[48;2;0;0;0m▀[m[38;2;0;0;0m[48;2;0;0;0m▀[m[38;2;0;0;0m[48;2;0;0;0m▀[m[38;2;0;0;0m[48;2;0;0;0m▀[m[38;2;0;0;0m[48;2;0;0;0m▀[m[38;2;0;0;0m[48;2;0;0;0m▀[m[38;2;0;0;0m[48;2;0;0;0m▀[m[38;2;0;0;0m[48;2;0;0;0m▀[m[38;2;0;0;0m[48;2;0;0;0m▀[m[38;2;0;0;0m[48;2;0;0;0m▀[m[38;2;0;0;0m[48;2;0;0;0m▀[m[38;2;0;0;0m[48;2;0;0;0m▀[m[38;2;0;0;0m[48;2;0;0;0m▀[m[38;2;0;0;0m[48;2;0;0;0m▀[m[38;2;0;0;0m[48;2;0;0;0m▀[m[38;2;0;0;0m[48;2;0;0;0m▀[m[38;2;0;0;0m[48;2;0;0;0m▀[m[38;2;0;0;0m[48;2;0;0;0m▀[m[38;2;0;0;0m[48;2;0;0;0m▀[m[38;2;0;0;0m[48;2;0;0;0m▀[m[38;2;0;0;0m[48;2;0;0;0m▀[m[38;2;0;0;0m[48;2;0;0;0m▀[m[38;2;0;0;0m[48;2;0;0;0m▀[m[38;2;0;0;0m[48;2;0;0;0m▀[m[38;2;0;0;0m[48;2;0;0;0m▀[m[38;2;0;0;0m[48;2;0;0;0m▀[m[38;2;0;0;0m[48;2;0;0;0m▀[m[38;2;0;0;0m[48;2;0;0;0m▀[m[38;2;0;0;0m[48;2;0;0;0m▀[m[38;2;0;0;0m[48;2;0;0;0m▀[m[38;2;0;0;0m[48;2;0;0;0m▀[m[38;2;0;0;0m[48;2;0;0;0m▀[m[38;2;0;0;0m[48;2;0;0;0m▀[m[38;2;0;0;0m[48;2;0;0;0m▀[m[38;2;0;0;0m[48;2;0;0;0m▀[m[38;2;0;0;0m[48;2;0;0;0m▀[m[38;2;0;0;0m[48;2;0;0;0m▀[m[38;2;0;0;0m[48;2;0;0;0m▀[m[38;2;0;0;0m[48;2;0;0;0m▀[m[38;2;0;0;0m[48;2;0;0;0m▀[m[38;2;0;0;0m[48;2;0;0;0m▀[m[38;2;0;0;0m[48;2;0;0;0m▀[m[38;2;0;0;0m[48;2;0;0;0m▀[m[38;2;0;0;0m[48;2;0;0;0m▀[m[38;2;0;0;0m[48;2;0;0;0m▀[m[38;2;0;0;0m[48;2;0;0;0m▀[m
[m[38;2;0;0;0m▀[m[m[38;2;0;0;0m▀[m[m[38;2;0;0;0m▀[m[m[38;2;0;0;0m▀[m[m[38;2;0;0;0m▀[m[m[38;2;0;0;0m▀[m[m[38;2;0;0;0m▀[m[m[38;2;0;0;0m▀[m[m[38;2;0;0;0m▀[m[m[38;2;0;0;0m▀[m[m[38;2;0;0;0m▀[m[m[38;2;0;0;0m▀[m[m[38;2;0;0;0m▀[m[m[38;2;0;0;0m▀[m[m[38;2;0;0;0m▀[m[m[38;2;0;0;0m▀[m[m[38;2;0;0;0m▀[m[m[38;2;0;0;0m▀[m[m[38;2;0;0;0m▀[m[m[38;2;0;0;0m▀[m[m[38;2;0;0;0m▀[m[m[38;2;0;0;0m▀[m[m[38;2;0;0;0m▀[m[m[38;2;0;0;0m▀[m[m[38;2;0;0;0m▀[m[m[38;2;0;0;0m▀[m[m[38;2;0;0;0m▀[m[m[38;2;0;0;0m▀[m[m[38;2;0;0;0m▀[m[m[38;2;0;0;0m▀[m[m[38;2;0;0;0m▀[m[m[38;2;0;0;0m▀[m[m[38;2;0;0;0m▀[m[m[38;2;0;0;0m▀[m[m[38;2;0;0;0m▀[m[m[38;2;0;0;0m▀[m[m[38;2;0;0;0m▀[m[m[38;2;0;0;0m▀[m[m[38;2;0;0;0m▀[m[m[38;2;0;0;0m▀[m[m[38;2;0;0;0m▀[m[m[38;2;0;0;0m▀[m[m[38;2;0;0;0m▀[m[m[38;2;0;0;0m▀[m[m[38;2;0;0;0m▀[m[m[38;2;0;0;0m▀[m[m[38;2;0;0;0m▀[m[m[38;2;0;0;0m▀[m[m[38;2;0;0;0m▀[m[m[38;2;0;0;0m▀[m[m[38;2;0;0;0m▀[m[m[38;2;0;0;0m▀[m[m[38;2;0;0;0m▀[m[m[38;2;0;0;0m▀[m[m[38;2;0;0;0m▀[m[m[38;2;0;0;0m▀[m[m[38;2;0;0;0m▀[m[m[38;2;0;0;0m▀[m[m[38;2;0;0;0m▀[m[m[38;2;0;0;0m▀[m[m[38;2;0;0;0m▀[m[m[38;2;0;0;0m▀[m[m[38;2;0;0;0m▀[m[m[38;2;0;0;0m▀[m[m[38;2;0;0;0m▀[m[m[38;2;0;0;0m▀[m[m[38;2;0;0;0m▀[m[m[38;2;0;0;0m▀[m[m[38;2;0;0;0m▀[m[m[38;2;0;0;0m▀[m[m[38;2;0;0;0m▀[m[m[38;2;0;0;0m▀[m[m[38;2;0;0;0m▀[m[m[38;2;0;0;0m▀[m[m[38;2;0;0;0m▀[m
