[38;2;0;0;0m[48;2;0;0;0m▀[m[38;2;0;0;0m[48;2;0;0;0m▀[m[38;2;0;0;0m[48;2;0;0;0m▀[m[38;2;0;0;0m[48;2;0;0;0m▀[m[38;2;0;0;0m[48;2;0;0;0m▀[m[38;2;0;0;0m[48;2;0;0;0m▀[m[38;2;0;0;0m[48;2;0;0;0m▀[m[38;2;0;0;0m[48;2;0;0;0m▀[m[38;2;0;0;0m[48;2;0;0;0m▀[m[38;2;0;0;0m[48;2;0;0;0m▀[m[38;2;0;0;0m[48;2;0;0;0m▀[m[38;2;0;0;0m[48;2;0;0;0m▀[m[38;2;0;0;0m[48;2;0;0;0m▀[m[38;2;0;0;0m[48;2;0;0;0m▀[m[38;2;0;0;0m[48;2;0;0;0m▀[m[38;2;0;0;0m[48;2;0;0;0m▀[m[38;2;0;0;0m[48;2;0;0;0m▀[m[38;2;0;0;0m[48;2;0;0;0m▀[m[38;2;0;0;0m[48;2;0;0;0m▀[m[38;2;0;0;0m[48;2;0;0;0m▀[m[38;2;0;0;0m[48;2;4;0;16m▀[m[38;2;0;0;0m[48;2;11;0;11m▀[m[38;2;0;0;0m[48;2;6;0;2m▀[m[38;2;0;0;0m[48;2;0;0;5m▀[m[38;2;0;0;0m[48;2;1;0;0m▀[m[38;2;0;0;0m[48;2;1;0;0m▀[m[38;2;0;0;0m[48;2;0;0;7m▀[m[38;2;22;22;22m[48;2;0;0;0m▀[m[38;2;0;0;0m[48;2;0;0;0m▀[m[38;2;0;0;0m[48;2;0;0;0m▀[m[38;2;0;0;0m[48;2;0;0;0m▀[m[38;2;0;0;0m[48;2;0;0;0m▀[m[38;2;0;0;0m[48;2;0;0;0m▀[m[38;2;0;0;0m[48;2;0;0;0m▀[m[38;2;0;0;0m[48;2;0;0;0m▀[m[38;2;0;0;0m[48;2;0;0;0m▀[m[38;2;0;0;0m[48;2;0;0;0m▀[m[38;2;0;0;0m[48;2;0;0;0m▀[m[38;2;0;0;0m[48;2;0;0;0m▀[m[38;2;0;0;0m[48;2;0;0;0m▀[m
[38;2;0;0;0m[48;2;0;0;0m▀[m[38;2;0;0;0m[48;2;0;0;0m▀[m[38;2;0;0;0m[48;2;0;0;0m▀[m[38;2;0;0;0m[48;2;0;0;0m▀[m[38;2;0;0;0m[48;2;0;0;0m▀[m[38;2;0;0;0m[48;2;0;0;0m▀[m[38;2;0;0;0m[48;2;0;0;0m▀[m[38;2;0;0;0m[48;2;0;0;0m▀[m[38;2;0;0;0m[48;2;0;0;0m▀[m[38;2;0;0;0m[48;2;0;0;0m▀[m[38;2;0;0;0m[48;2;0;0;0m▀[m[38;2;0;0;0m[48;2;0;0;0m▀[m[38;2;0;0;0m[48;2;0;0;0m▀[m[38;2;0;0;0m[48;2;0;0;0m▀[m[38;2;0;0;0m[48;2;0;0;0m▀[m[38;2;0;0;0m[48;2;1;3;2m▀[m[38;2;0;0;0m[48;2;0;0;4m▀[m[38;2;0;0;0m[48;2;3;1;14m▀[m[38;2;0;4;0m[48;2;215;186;252m▀[m[38;2;1;0;2m[48;2;125;62;176m▀[m[38;2;117;65;175m[48;2;123;62;179m▀[m[38;2;121;64;179m[48;2;119;64;183m▀[m[38;2;219;187;255m[48;2;123;63;177m▀[m[38;2;208;195;241m[48;2;123;63;177m▀[m[38;2;212;192;241m[48;2;123;63;176m▀[m[38;2;212;192;241m[48;2;123;62;181m▀[m[38;2;211;195;232m[48;2;123;63;177m▀[m[38;2;0;2;1m[48;2;214;191;243m▀[m[38;2;1;1;3m[48;2;213;197;224m▀[m[38;2;11;11;13m[48;2;205;194;224m▀[m[38;2;0;0;0m[48;2;0;1;0m▀[m[38;2;0;0;0m[48;2;0;1;0m▀[m[38;2;0;0;0m[48;2;0;0;0m▀[m[38;2;0;0;0m[48;2;0;0;0m▀[m[38;2;0;0;0m[48;2;0;0;0m▀[m[38;2;0;0;0m[48;2;0;0;0m▀[m[38;2;0;0;0m[48;2;0;0;0m▀[m[38;2;0;0;0m[48;2;0;0;0m▀[m[38;2;0;0;0m[48;2;0;0;0m▀[m[38;2;0;0;0m[48;2;0;0;0m▀[m
[38;2;0;0;0m[48;2;0;0;0m▀[m[38;2;0;0;0m[48;2;0;0;0m▀[m[38;2;0;0;0m[48;2;0;0;0m▀[m[38;2;0;0;0m[48;2;0;0;0m▀[m[38;2;0;0;0m[48;2;0;0;0m▀[m[38;2;0;0;0m[48;2;0;0;0m▀[m[38;2;0;0;0m[48;2;0;0;0m▀[m[38;2;0;0;0m[48;2;0;0;0m▀[m[38;2;0;0;0m[48;2;0;0;0m▀[m[38;2;0;0;0m[48;2;0;0;0m▀[m[38;2;0;0;0m[48;2;0;0;0m▀[m[38;2;0;0;0m[48;2;0;0;0m▀[m[38;2;0;0;0m[48;2;0;0;0m▀[m[38;2;0;0;0m[48;2;0;4;7m▀[m[38;2;1;1;0m[48;2;207;197;221m▀[m[38;2;210;196;221m[48;2;115;78;155m▀[m[38;2;208;197;227m[48;2;109;68;162m▀[m[38;2;220;189;249m[48;2;137;91;189m▀[m[38;2;113;63;158m[48;2;122;63;179m▀[m[38;2;121;65;176m[48;2;122;63;179m▀[m[38;2;205;170;234m[48;2;126;83;175m▀[m[38;2;219;190;244m[48;2;108;70;153m▀[m[38;2;114;67;161m[48;2;105;54;155m▀[m[38;2;107;67;155m[48;2;94;47;141m▀[m[38;2;223;191;255m[48;2;115;71;160m▀[m[38;2;122;64;176m[48;2;119;65;177m▀[m[38;2;121;64;177m[48;2;122;64;176m▀[m[38;2;119;70;159m[48;2;224;190;255m▀[m[38;2;114;71;161m[48;2;209;159;254m▀[m[38;2;92;58;134m[48;2;114;59;161m▀[m[38;2;210;196;231m[48;2;112;78;155m▀[m[38;2;210;196;231m[48;2;213;196;230m▀[m[38;2;0;0;2m[48;2;207;197;221m▀[m[38;2;0;0;0m[48;2;0;0;5m▀[m[38;2;0;0;0m[48;2;46;46;46m▀[m[38;2;0;0;0m[48;2;0;0;0m▀[m[38;2;0;0;0m[48;2;0;0;0m▀[m[38;2;0;0;0m[48;2;0;0;0m▀[m[38;2;0;0;0m[48;2;0;0;0m▀[m[38;2;0;0;0m[48;2;0;0;0m▀[m
[38;2;0;0;0m[48;2;0;0;0m▀[m[38;2;0;0;0m[48;2;0;0;0m▀[m[38;2;0;0;0m[48;2;0;0;0m▀[m[38;2;0;0;0m[48;2;0;0;0m▀[m[38;2;0;0;0m[48;2;0;0;0m▀[m[38;2;0;0;0m[48;2;0;0;0m▀[m[38;2;0;0;0m[48;2;0;0;0m▀[m[38;2;0;0;0m[48;2;0;0;0m▀[m[38;2;0;0;0m[48;2;0;0;0m▀[m[38;2;0;0;0m[48;2;0;0;0m▀[m[38;2;0;0;0m[48;2;0;0;0m▀[m[38;2;0;0;0m[48;2;0;0;0m▀[m[38;2;0;0;0m[48;2;3;0;21m▀[m[38;2;20;0;46m[48;2;123;63;176m▀[m[38;2;221;185;255m[48;2;116;67;174m▀[m[38;2;120;66;178m[48;2;116;67;174m▀[m[38;2;104;59;140m[48;2;22;6;42m▀[m[38;2;117;82;150m[48;2;0;4;3m▀[m[38;2;113;84;148m[48;2;3;2;7m▀[m[38;2;113;84;148m[48;2;3;2;7m▀[m[38;2;113;84;148m[48;2;0;4;5m▀[m[38;2;110;56;168m[48;2;120;82;167m▀[m[38;2;122;65;170m[48;2;128;60;179m▀[m[38;2;123;64;174m[48;2;115;68;172m▀[m[38;2;124;64;177m[48;2;120;72;171m▀[m[38;2;114;69;154m[48;2;217;195;242m▀[m[38;2;122;64;177m[48;2;122;64;177m▀[m[38;2;234;194;255m[48;2;122;64;177m▀[m[38;2;210;181;245m[48;2;110;74;148m▀[m[38;2;124;72;170m[48;2;218;188;248m▀[m[38;2;123;69;167m[48;2;114;69;162m▀[m[38;2;212;197;226m[48;2;213;194;240m▀[m[38;2;209;196;239m[48;2;212;194;236m▀[m[38;2;0;0;4m[48;2;0;0;4m▀[m[38;2;0;0;0m[48;2;0;0;0m▀[m[38;2;0;0;0m[48;2;0;0;0m▀[m[38;2;0;0;0m[48;2;0;0;0m▀[m[38;2;0;0;0m[48;2;0;0;0m▀[m[38;2;0;0;0m[48;2;0;0;0m▀[m[38;2;0;0;0m[48;2;0;0;0m▀[m
[38;2;0;0;0m[48;2;0;0;0m▀[m[38;2;0;0;0m[48;2;0;0;0m▀[m[38;2;0;0;0m[48;2;0;0;0m▀[m[38;2;0;0;0m[48;2;0;0;0m▀[m[38;2;0;0;0m[48;2;0;0;0m▀[m[38;2;0;0;0m[48;2;0;0;0m▀[m[38;2;0;0;0m[48;2;0;0;0m▀[m[38;2;0;0;0m[48;2;0;0;0m▀[m[38;2;0;0;0m[48;2;0;0;0m▀[m[38;2;0;0;0m[48;2;0;0;0m▀[m[38;2;0;0;0m[48;2;1;3;15m▀[m[38;2;0;0;0m[48;2;13;0;24m▀[m[38;2;4;7;16m[48;2;120;66;177m▀[m[38;2;130;61;180m[48;2;1;3;0m▀[m[38;2;1;0;0m[48;2;191;208;224m▀[m[38;2;1;0;0m[48;2;191;208;224m▀[m[38;2;199;209;219m[48;2;191;208;224m▀[m[38;2;190;209;224m[48;2;191;208;224m▀[m[38;2;191;208;226m[48;2;191;208;224m▀[m[38;2;191;208;226m[48;2;191;208;224m▀[m[38;2;191;208;224m[48;2;191;208;224m▀[m[38;2;6;12;8m[48;2;191;208;224m▀[m[38;2;112;77;145m[48;2;0;1;20m▀[m[38;2;134;70;184m[48;2;18;0;37m▀[m[38;2;122;63;179m[48;2;123;64;174m▀[m[38;2;122;63;179m[48;2;123;64;174m▀[m[38;2;122;64;177m[48;2;122;62;184m▀[m[38;2;122;64;177m[48;2;121;65;176m▀[m[38;2;111;72;153m[48;2;113;71;153m▀[m[38;2;211;197;233m[48;2;213;195;233m▀[m[38;2;216;192;242m[48;2;220;190;244m▀[m[38;2;122;64;177m[48;2;123;62;181m▀[m[38;2;215;196;242m[48;2;8;0;15m▀[m[38;2;6;5;11m[48;2;1;0;0m▀[m[38;2;0;0;0m[48;2;0;0;0m▀[m[38;2;0;0;0m[48;2;0;0;0m▀[m[38;2;0;0;0m[48;2;0;0;0m▀[m[38;2;0;0;0m[48;2;0;0;0m▀[m[38;2;0;0;0m[48;2;0;0;0m▀[m[38;2;0;0;0m[48;2;0;0;0m▀[m
[38;2;0;0;0m[48;2;0;0;0m▀[m[38;2;0;0;0m[48;2;0;0;0m▀[m[38;2;0;0;0m[48;2;0;0;0m▀[m[38;2;0;0;0m[48;2;0;0;0m▀[m[38;2;0;0;0m[48;2;0;0;0m▀[m[38;2;0;0;0m[48;2;0;0;0m▀[m[38;2;0;0;0m[48;2;0;0;0m▀[m[38;2;0;0;0m[48;2;0;0;0m▀[m[38;2;0;0;0m[48;2;0;0;0m▀[m[38;2;0;0;0m[48;2;0;0;0m▀[m[38;2;3;5;4m[48;2;5;4;2m▀[m[38;2;2;1;9m[48;2;0;0;9m▀[m[38;2;0;2;0m[48;2;176;192;208m▀[m[38;2;187;210;226m[48;2;192;208;224m▀[m[38;2;191;208;224m[48;2;191;208;224m▀[m[38;2;191;208;224m[48;2;191;208;224m▀[m[38;2;191;208;224m[48;2;191;208;224m▀[m[38;2;191;208;224m[48;2;191;208;224m▀[m[38;2;191;208;224m[48;2;191;208;224m▀[m[38;2;191;208;224m[48;2;191;208;224m▀[m[38;2;191;208;224m[48;2;191;208;224m▀[m[38;2;191;208;224m[48;2;191;208;224m▀[m[38;2;195;207;221m[48;2;191;208;226m▀[m[38;2;199;209;219m[48;2;194;211;227m▀[m[38;2;0;1;5m[48;2;198;210;224m▀[m[38;2;1;2;6m[48;2;198;210;224m▀[m[38;2;122;65;172m[48;2;6;0;21m▀[m[38;2;215;191;239m[48;2;15;10;17m▀[m[38;2;212;195;239m[48;2;1;0;2m▀[m[38;2;213;195;233m[48;2;3;0;11m▀[m[38;2;208;203;235m[48;2;7;6;11m▀[m[38;2;0;1;0m[48;2;244;242;253m▀[m[38;2;242;237;244m[48;2;235;234;240m▀[m[38;2;2;3;5m[48;2;3;3;5m▀[m[38;2;0;0;0m[48;2;0;0;0m▀[m[38;2;0;0;0m[48;2;0;0;0m▀[m[38;2;0;0;0m[48;2;0;0;0m▀[m[38;2;0;0;0m[48;2;0;0;0m▀[m[38;2;0;0;0m[48;2;0;0;0m▀[m[38;2;0;0;0m[48;2;0;0;0m▀[m
[38;2;0;0;0m[48;2;0;0;0m▀[m[38;2;0;0;0m[48;2;0;0;0m▀[m[38;2;0;0;0m[48;2;0;0;0m▀[m[38;2;0;0;0m[48;2;0;0;0m▀[m[38;2;0;0;0m[48;2;0;0;0m▀[m[38;2;0;0;0m[48;2;0;0;0m▀[m[38;2;0;0;0m[48;2;0;0;0m▀[m[38;2;0;0;0m[48;2;0;0;0m▀[m[38;2;0;0;0m[48;2;0;0;0m▀[m[38;2;0;0;0m[48;2;0;0;0m▀[m[38;2;5;4;2m[48;2;4;4;2m▀[m[38;2;1;1;11m[48;2;2;3;5m▀[m[38;2;192;208;224m[48;2;197;211;224m▀[m[38;2;192;208;224m[48;2;197;211;224m▀[m[38;2;191;208;224m[48;2;190;209;224m▀[m[38;2;191;208;224m[48;2;190;209;224m▀[m[38;2;191;208;224m[48;2;191;208;224m▀[m[38;2;191;208;224m[48;2;191;208;224m▀[m[38;2;191;208;224m[48;2;191;208;224m▀[m[38;2;191;208;224m[48;2;191;208;224m▀[m[38;2;191;208;224m[48;2;192;208;224m▀[m[38;2;191;208;224m[48;2;191;204;221m▀[m[38;2;200;212;226m[48;2;234;240;252m▀[m[38;2;197;213;226m[48;2;241;248;255m▀[m[38;2;191;208;224m[48;2;191;208;224m▀[m[38;2;191;208;224m[48;2;191;208;224m▀[m[38;2;0;0;5m[48;2;191;208;224m▀[m[38;2;0;0;7m[48;2;191;208;224m▀[m[38;2;0;2;6m[48;2;192;200;213m▀[m[38;2;3;0;0m[48;2;241;240;246m▀[m[38;2;1;0;5m[48;2;241;240;248m▀[m[38;2;241;239;250m[48;2;244;243;249m▀[m[38;2;241;240;246m[48;2;236;235;240m▀[m[38;2;3;3;5m[48;2;3;3;5m▀[m[38;2;0;0;0m[48;2;0;0;0m▀[m[38;2;0;0;0m[48;2;0;0;0m▀[m[38;2;0;0;0m[48;2;0;0;0m▀[m[38;2;0;0;0m[48;2;0;0;0m▀[m[38;2;0;0;0m[48;2;0;0;0m▀[m[38;2;0;0;0m[48;2;0;0;0m▀[m
[38;2;0;0;0m[48;2;0;0;0m▀[m[38;2;0;0;0m[48;2;0;0;0m▀[m[38;2;0;0;0m[48;2;0;0;0m▀[m[38;2;0;0;0m[48;2;0;0;0m▀[m[38;2;0;0;0m[48;2;0;0;0m▀[m[38;2;0;0;0m[48;2;0;0;0m▀[m[38;2;0;0;0m[48;2;0;0;0m▀[m[38;2;0;0;0m[48;2;0;0;0m▀[m[38;2;0;0;0m[48;2;0;0;0m▀[m[38;2;0;0;0m[48;2;0;0;0m▀[m[38;2;4;4;2m[48;2;4;4;4m▀[m[38;2;5;6;8m[48;2;0;0;0m▀[m[38;2;3;1;2m[48;2;241;240;248m▀[m[38;2;4;2;3m[48;2;241;239;252m▀[m[38;2;192;208;221m[48;2;0;0;0m▀[m[38;2;190;206;219m[48;2;195;211;224m▀[m[38;2;191;208;224m[48;2;191;208;224m▀[m[38;2;191;208;224m[48;2;191;208;224m▀[m[38;2;191;208;224m[48;2;191;208;224m▀[m[38;2;191;208;224m[48;2;191;208;224m▀[m[38;2;210;223;239m[48;2;3;4;8m▀[m[38;2;9;7;12m[48;2;0;0;2m▀[m[38;2;7;5;6m[48;2;253;251;252m▀[m[38;2;0;2;11m[48;2;246;253;255m▀[m[38;2;191;208;224m[48;2;191;208;224m▀[m[38;2;191;208;224m[48;2;191;208;224m▀[m[38;2;191;208;224m[48;2;190;209;224m▀[m[38;2;189;206;222m[48;2;239;242;249m▀[m[38;2;191;199;212m[48;2;241;240;248m▀[m[38;2;235;234;240m[48;2;242;241;246m▀[m[38;2;244;244;246m[48;2;0;0;0m▀[m[38;2;0;0;0m[48;2;255;255;255m▀[m[38;2;231;230;235m[48;2;241;240;248m▀[m[38;2;3;3;5m[48;2;3;3;5m▀[m[38;2;0;0;0m[48;2;0;0;0m▀[m[38;2;0;0;0m[48;2;0;0;0m▀[m[38;2;0;0;0m[48;2;0;0;0m▀[m[38;2;0;0;0m[48;2;0;0;0m▀[m[38;2;0;0;0m[48;2;0;0;0m▀[m[38;2;0;0;0m[48;2;0;0;0m▀[m
[38;2;0;0;0m[48;2;0;0;0m▀[m[38;2;0;0;0m[48;2;0;0;0m▀[m[38;2;0;0;0m[48;2;0;0;0m▀[m[38;2;0;0;0m[48;2;0;0;0m▀[m[38;2;0;0;0m[48;2;0;0;0m▀[m[38;2;0;0;0m[48;2;0;0;0m▀[m[38;2;0;0;0m[48;2;0;0;0m▀[m[38;2;0;0;0m[48;2;0;0;0m▀[m[38;2;0;0;0m[48;2;0;0;0m▀[m[38;2;0;0;0m[48;2;0;0;0m▀[m[38;2;4;4;4m[48;2;4;4;2m▀[m[38;2;0;0;0m[48;2;0;0;2m▀[m[38;2;0;0;2m[48;2;1;1;3m▀[m[38;2;241;240;248m[48;2;195;209;218m▀[m[38;2;0;0;0m[48;2;237;235;240m▀[m[38;2;195;211;224m[48;2;183;199;212m▀[m[38;2;191;208;224m[48;2;191;208;224m▀[m[38;2;191;208;224m[48;2;191;208;224m▀[m[38;2;191;208;224m[48;2;191;208;224m▀[m[38;2;191;208;224m[48;2;191;208;224m▀[m[38;2;3;4;8m[48;2;4;4;6m▀[m[38;2;0;0;2m[48;2;246;245;250m▀[m[38;2;1;0;0m[48;2;237;235;238m▀[m[38;2;0;2;10m[48;2;248;254;255m▀[m[38;2;191;208;224m[48;2;191;208;224m▀[m[38;2;191;208;224m[48;2;191;208;224m▀[m[38;2;190;209;224m[48;2;191;208;224m▀[m[38;2;239;242;249m[48;2;8;8;16m▀[m[38;2;241;240;248m[48;2;1;0;5m▀[m[38;2;242;241;246m[48;2;243;247;255m▀[m[38;2;0;0;0m[48;2;200;209;218m▀[m[38;2;0;0;0m[48;2;1;0;0m▀[m[38;2;241;240;248m[48;2;241;240;248m▀[m[38;2;3;3;5m[48;2;3;3;5m▀[m[38;2;0;0;0m[48;2;0;0;0m▀[m[38;2;0;0;0m[48;2;0;0;0m▀[m[38;2;0;0;0m[48;2;0;0;0m▀[m[38;2;0;0;0m[48;2;0;0;0m▀[m[38;2;0;0;0m[48;2;0;0;0m▀[m[38;2;0;0;0m[48;2;0;0;0m▀[m
[38;2;0;0;0m[48;2;0;0;0m▀[m[38;2;0;0;0m[48;2;0;0;0m▀[m[38;2;0;0;0m[48;2;0;0;0m▀[m[38;2;0;0;0m[48;2;0;0;0m▀[m[38;2;0;0;0m[48;2;0;0;0m▀[m[38;2;0;0;0m[48;2;0;0;0m▀[m[38;2;0;0;0m[48;2;0;0;0m▀[m[38;2;0;0;0m[48;2;0;0;0m▀[m[38;2;0;0;0m[48;2;0;0;0m▀[m[38;2;0;0;0m[48;2;0;0;0m▀[m[38;2;4;4;2m[48;2;0;0;0m▀[m[38;2;0;0;2m[48;2;5;4;9m▀[m[38;2;191;205;214m[48;2;191;203;215m▀[m[38;2;192;208;224m[48;2;191;203;215m▀[m[38;2;1;0;4m[48;2;0;3;7m▀[m[38;2;174;190;203m[48;2;190;204;215m▀[m[38;2;191;208;224m[48;2;191;208;224m▀[m[38;2;191;208;224m[48;2;191;208;224m▀[m[38;2;191;208;224m[48;2;191;208;224m▀[m[38;2;191;208;224m[48;2;191;208;224m▀[m[38;2;187;201;214m[48;2;191;208;224m▀[m[38;2;7;5;10m[48;2;0;0;4m▀[m[38;2;215;222;232m[48;2;200;207;215m▀[m[38;2;194;207;223m[48;2;190;209;223m▀[m[38;2;191;208;224m[48;2;191;207;222m▀[m[38;2;191;208;224m[48;2;191;204;213m▀[m[38;2;191;208;224m[48;2;193;203;215m▀[m[38;2;224;224;232m[48;2;236;237;242m▀[m[38;2;243;242;247m[48;2;248;247;252m▀[m[38;2;240;244;253m[48;2;241;239;250m▀[m[38;2;236;238;250m[48;2;243;242;250m▀[m[38;2;0;0;0m[48;2;0;0;0m▀[m[38;2;241;240;248m[48;2;241;240;248m▀[m[38;2;3;3;5m[48;2;3;3;5m▀[m[38;2;0;0;0m[48;2;0;0;0m▀[m[38;2;0;0;0m[48;2;0;0;0m▀[m[38;2;0;0;0m[48;2;0;0;0m▀[m[38;2;0;0;0m[48;2;0;0;0m▀[m[38;2;0;0;0m[48;2;0;0;0m▀[m[38;2;0;0;0m[48;2;0;0;0m▀[m
[38;2;0;0;0m[48;2;0;0;0m▀[m[38;2;0;0;0m[48;2;0;0;0m▀[m[38;2;0;0;0m[48;2;0;0;0m▀[m[38;2;0;0;0m[48;2;0;0;0m▀[m[38;2;0;0;0m[48;2;2;3;5m▀[m[38;2;0;0;0m[48;2;0;0;4m▀[m[38;2;0;0;0m[48;2;0;0;2m▀[m[38;2;0;0;0m[48;2;0;0;2m▀[m[38;2;0;0;0m[48;2;0;0;2m▀[m[38;2;0;0;0m[48;2;0;0;0m▀[m[38;2;0;0;0m[48;2;0;0;0m▀[m[38;2;0;0;0m[48;2;0;0;0m▀[m[38;2;1;0;0m[48;2;0;0;0m▀[m[38;2;1;0;0m[48;2;0;0;0m▀[m[38;2;191;209;223m[48;2;195;207;221m▀[m[38;2;192;207;226m[48;2;191;208;224m▀[m[38;2;191;208;224m[48;2;191;208;224m▀[m[38;2;191;208;224m[48;2;191;208;224m▀[m[38;2;191;208;224m[48;2;191;208;224m▀[m[38;2;191;208;224m[48;2;191;208;224m▀[m[38;2;191;208;224m[48;2;191;208;224m▀[m[38;2;0;0;4m[48;2;0;0;4m▀[m[38;2;200;207;215m[48;2;200;207;215m▀[m[38;2;190;209;223m[48;2;190;209;223m▀[m[38;2;197;211;224m[48;2;191;208;224m▀[m[38;2;2;0;1m[48;2;191;208;224m▀[m[38;2;1;0;0m[48;2;191;209;223m▀[m[38;2;0;0;2m[48;2;239;242;251m▀[m[38;2;8;7;12m[48;2;241;240;246m▀[m[38;2;241;239;250m[48;2;241;240;248m▀[m[38;2;243;242;250m[48;2;243;242;250m▀[m[38;2;0;0;0m[48;2;0;0;0m▀[m[38;2;241;240;248m[48;2;0;0;0m▀[m[38;2;3;3;5m[48;2;0;0;0m▀[m[38;2;0;0;0m[48;2;0;0;0m▀[m[38;2;0;0;0m[48;2;0;0;0m▀[m[38;2;0;0;0m[48;2;0;0;0m▀[m[38;2;0;0;0m[48;2;0;0;0m▀[m[38;2;0;0;0m[48;2;0;0;0m▀[m[38;2;0;0;0m[48;2;0;0;0m▀[m
[38;2;0;0;0m[48;2;0;0;0m▀[m[38;2;0;0;0m[48;2;19;19;19m▀[m[38;2;0;0;0m[48;2;0;0;0m▀[m[38;2;0;0;0m[48;2;0;0;0m▀[m[38;2;207;216;225m[48;2;6;5;10m▀[m[38;2;190;206;219m[48;2;0;0;4m▀[m[38;2;192;205;221m[48;2;1;10;19m▀[m[38;2;192;205;221m[48;2;191;208;228m▀[m[38;2;241;240;248m[48;2;196;205;222m▀[m[38;2;29;29;31m[48;2;190;199;216m▀[m[38;2;0;0;0m[48;2;0;1;6m▀[m[38;2;0;0;0m[48;2;5;3;4m▀[m[38;2;0;0;0m[48;2;0;0;0m▀[m[38;2;0;0;0m[48;2;0;0;0m▀[m[38;2;4;3;8m[48;2;0;0;0m▀[m[38;2;190;204;213m[48;2;2;2;4m▀[m[38;2;191;208;224m[48;2;0;0;5m▀[m[38;2;191;208;224m[48;2;0;2;5m▀[m[38;2;191;208;224m[48;2;0;0;4m▀[m[38;2;191;208;224m[48;2;0;0;4m▀[m[38;2;191;208;224m[48;2;0;0;5m▀[m[38;2;0;0;4m[48;2;1;3;0m▀[m[38;2;200;207;215m[48;2;3;4;6m▀[m[38;2;190;209;223m[48;2;0;0;2m▀[m[38;2;191;208;224m[48;2;0;0;4m▀[m[38;2;191;208;224m[48;2;0;0;4m▀[m[38;2;192;208;223m[48;2;0;0;4m▀[m[38;2;190;206;222m[48;2;0;0;4m▀[m[38;2;191;199;212m[48;2;3;4;8m▀[m[38;2;241;240;245m[48;2;0;2;1m▀[m[38;2;243;242;250m[48;2;0;0;0m▀[m[38;2;0;0;0m[48;2;0;0;0m▀[m[38;2;0;0;0m[48;2;0;0;0m▀[m[38;2;0;0;0m[48;2;0;0;0m▀[m[38;2;0;0;0m[48;2;0;0;0m▀[m[38;2;0;0;0m[48;2;0;0;0m▀[m[38;2;0;0;0m[48;2;0;0;0m▀[m[38;2;0;0;0m[48;2;0;0;0m▀[m[38;2;0;0;0m[48;2;0;0;0m▀[m[38;2;0;0;0m[48;2;0;0;0m▀[m
[38;2;0;0;0m[48;2;0;0;0m▀[m[38;2;0;0;0m[48;2;0;0;0m▀[m[38;2;0;0;0m[48;2;0;0;0m▀[m[38;2;0;0;0m[48;2;0;0;0m▀[m[38;2;0;0;0m[48;2;0;0;0m▀[m[38;2;0;0;0m[48;2;0;0;0m▀[m[38;2;0;0;0m[48;2;0;0;0m▀[m[38;2;0;3;11m[48;2;0;0;0m▀[m[38;2;190;209;224m[48;2;192;208;223m▀[m[38;2;190;209;224m[48;2;192;208;223m▀[m[38;2;0;3;8m[48;2;0;5;11m▀[m[38;2;1;0;0m[48;2;2;2;4m▀[m[38;2;0;0;0m[48;2;0;0;0m▀[m[38;2;0;0;0m[48;2;0;0;0m▀[m[38;2;4;3;1m[48;2;2;0;10m▀[m[38;2;6;4;5m[48;2;16;0;41m▀[m[38;2;0;0;2m[48;2;0;0;9m▀[m[38;2;13;16;23m[48;2;0;1;10m▀[m[38;2;198;208;218m[48;2;191;208;224m▀[m[38;2;198;208;218m[48;2;191;208;224m▀[m[38;2;197;208;214m[48;2;191;209;223m▀[m[38;2;197;207;217m[48;2;195;207;221m▀[m[38;2;197;207;217m[48;2;193;201;214m▀[m[38;2;197;207;217m[48;2;202;211;220m▀[m[38;2;198;208;218m[48;2;191;204;213m▀[m[38;2;198;208;218m[48;2;191;208;226m▀[m[38;2;198;208;218m[48;2;199;208;217m▀[m[38;2;198;208;218m[48;2;188;196;209m▀[m[38;2;193;196;201m[48;2;218;216;227m▀[m[38;2;0;0;0m[48;2;8;2;16m▀[m[38;2;0;0;0m[48;2;22;1;42m▀[m[38;2;0;0;0m[48;2;0;0;0m▀[m[38;2;0;0;0m[48;2;0;0;0m▀[m[38;2;0;0;0m[48;2;0;0;0m▀[m[38;2;0;0;0m[48;2;0;0;0m▀[m[38;2;0;0;0m[48;2;0;0;0m▀[m[38;2;0;0;0m[48;2;0;0;0m▀[m[38;2;0;0;0m[48;2;0;0;0m▀[m[38;2;0;0;0m[48;2;0;0;0m▀[m[38;2;0;0;0m[48;2;0;0;0m▀[m
[38;2;0;0;0m[48;2;0;0;0m▀[m[38;2;0;0;0m[48;2;0;0;0m▀[m[38;2;0;0;0m[48;2;0;0;0m▀[m[38;2;0;0;0m[48;2;0;0;0m▀[m[38;2;0;0;0m[48;2;0;0;0m▀[m[38;2;0;0;0m[48;2;0;0;0m▀[m[38;2;0;0;0m[48;2;0;0;0m▀[m[38;2;3;3;3m[48;2;0;0;0m▀[m[38;2;188;204;219m[48;2;0;0;2m▀[m[38;2;200;216;231m[48;2;192;205;221m▀[m[38;2;0;5;11m[48;2;0;4;10m▀[m[38;2;0;0;2m[48;2;1;0;0m▀[m[38;2;0;0;0m[48;2;2;1;0m▀[m[38;2;4;3;9m[48;2;211;195;242m▀[m[38;2;219;190;248m[48;2;119;66;174m▀[m[38;2;115;73;147m[48;2;6;0;16m▀[m[38;2;1;0;21m[48;2;196;206;218m▀[m[38;2;0;2;14m[48;2;191;208;224m▀[m[38;2;191;208;224m[48;2;192;208;224m▀[m[38;2;191;208;224m[48;2;192;208;224m▀[m[38;2;194;207;224m[48;2;240;243;250m▀[m[38;2;237;236;242m[48;2;241;239;250m▀[m[38;2;0;0;4m[48;2;241;239;250m▀[m[38;2;0;0;0m[48;2;241;239;250m▀[m[38;2;6;9;14m[48;2;244;243;249m▀[m[38;2;198;204;220m[48;2;0;0;2m▀[m[38;2;0;0;2m[48;2;241;239;250m▀[m[38;2;225;224;229m[48;2;241;239;250m▀[m[38;2;237;231;241m[48;2;234;233;238m▀[m[38;2;10;0;22m[48;2;0;0;0m▀[m[38;2;118;85;154m[48;2;0;0;0m▀[m[38;2;2;1;0m[48;2;0;0;0m▀[m[38;2;0;0;0m[48;2;0;0;0m▀[m[38;2;0;0;0m[48;2;0;0;0m▀[m[38;2;0;0;0m[48;2;0;0;0m▀[m[38;2;0;0;0m[48;2;0;0;0m▀[m[38;2;0;0;0m[48;2;0;0;0m▀[m[38;2;0;0;0m[48;2;0;0;0m▀[m[38;2;0;0;0m[48;2;0;0;0m▀[m[38;2;0;0;0m[48;2;0;0;0m▀[m
[38;2;0;0;0m[48;2;0;0;0m▀[m[38;2;0;0;0m[48;2;0;0;0m▀[m[38;2;0;0;0m[48;2;0;0;0m▀[m[38;2;0;0;0m[48;2;0;0;0m▀[m[38;2;0;0;0m[48;2;0;0;0m▀[m[38;2;0;0;0m[48;2;0;0;0m▀[m[38;2;0;0;0m[48;2;0;0;0m▀[m[38;2;0;0;0m[48;2;0;0;0m▀[m[38;2;0;0;2m[48;2;0;0;2m▀[m[38;2;192;205;221m[48;2;190;206;221m▀[m[38;2;184;203;218m[48;2;190;209;223m▀[m[38;2;192;202;211m[48;2;194;201;217m▀[m[38;2;4;0;12m[48;2;1;1;3m▀[m[38;2;124;68;177m[48;2;2;0;11m▀[m[38;2;5;0;7m[48;2;192;206;217m▀[m[38;2;196;207;225m[48;2;188;207;224m▀[m[38;2;194;215;232m[48;2;190;209;224m▀[m[38;2;192;208;224m[48;2;208;217;226m▀[m[38;2;192;208;224m[48;2;0;1;12m▀[m[38;2;192;208;224m[48;2;191;208;226m▀[m[38;2;1;5;8m[48;2;229;232;237m▀[m[38;2;234;233;239m[48;2;17;17;19m▀[m[38;2;241;239;250m[48;2;1;0;2m▀[m[38;2;241;239;250m[48;2;0;2;0m▀[m[38;2;232;234;246m[48;2;2;0;6m▀[m[38;2;191;207;222m[48;2;0;0;10m▀[m[38;2;241;239;250m[48;2;0;0;0m▀[m[38;2;241;239;250m[48;2;0;0;0m▀[m[38;2;234;233;238m[48;2;9;8;13m▀[m[38;2;0;0;0m[48;2;253;252;255m▀[m[38;2;0;0;0m[48;2;0;0;5m▀[m[38;2;0;0;0m[48;2;194;206;220m▀[m[38;2;0;0;0m[48;2;0;0;4m▀[m[38;2;0;0;0m[48;2;0;0;0m▀[m[38;2;0;0;0m[48;2;0;0;0m▀[m[38;2;0;0;0m[48;2;11;9;10m▀[m[38;2;0;0;0m[48;2;243;242;248m▀[m[38;2;0;0;0m[48;2;243;242;248m▀[m[38;2;0;0;0m[48;2;243;242;247m▀[m[38;2;0;0;0m[48;2;1;1;1m▀[m
[38;2;0;0;0m[48;2;0;0;0m▀[m[38;2;0;0;0m[48;2;0;0;0m▀[m[38;2;0;0;0m[48;2;0;0;0m▀[m[38;2;0;0;0m[48;2;0;0;0m▀[m[38;2;0;0;0m[48;2;0;0;0m▀[m[38;2;0;0;0m[48;2;0;0;0m▀[m[38;2;0;0;0m[48;2;0;0;0m▀[m[38;2;1;1;1m[48;2;0;0;0m▀[m[38;2;237;236;244m[48;2;237;246;255m▀[m[38;2;181;196;215m[48;2;190;207;223m▀[m[38;2;190;209;223m[48;2;189;204;211m▀[m[38;2;194;201;217m[48;2;207;218;222m▀[m[38;2;0;0;4m[48;2;4;8;17m▀[m[38;2;202;209;227m[48;2;196;204;215m▀[m[38;2;191;208;226m[48;2;191;208;224m▀[m[38;2;192;208;224m[48;2;191;208;224m▀[m[38;2;190;209;224m[48;2;190;209;226m▀[m[38;2;200;209;218m[48;2;200;209;218m▀[m[38;2;1;2;7m[48;2;0;0;4m▀[m[38;2;192;208;224m[48;2;196;204;215m▀[m[38;2;240;242;254m[48;2;237;239;251m▀[m[38;2;248;247;253m[48;2;240;240;248m▀[m[38;2;23;25;24m[48;2;3;0;5m▀[m[38;2;29;14;45m[48;2;17;0;44m▀[m[38;2;115;83;150m[48;2;122;62;184m▀[m[38;2;115;82;151m[48;2;122;64;176m▀[m[38;2;211;203;226m[48;2;212;196;233m▀[m[38;2;3;0;2m[48;2;1;0;6m▀[m[38;2;7;6;11m[48;2;8;7;12m▀[m[38;2;242;241;246m[48;2;241;240;246m▀[m[38;2;0;0;5m[48;2;0;0;5m▀[m[38;2;191;208;224m[48;2;192;208;223m▀[m[38;2;197;206;215m[48;2;193;205;217m▀[m[38;2;202;211;216m[48;2;196;204;217m▀[m[38;2;22;23;28m[48;2;8;13;16m▀[m[38;2;8;7;13m[48;2;8;7;12m▀[m[38;2;241;239;250m[48;2;241;240;246m▀[m[38;2;241;239;250m[48;2;241;240;246m▀[m[38;2;241;240;248m[48;2;241;240;246m▀[m[38;2;0;0;4m[48;2;0;0;2m▀[m
[38;2;0;0;0m[48;2;0;0;0m▀[m[38;2;0;0;0m[48;2;0;0;0m▀[m[38;2;0;0;0m[48;2;0;0;0m▀[m[38;2;0;0;0m[48;2;0;0;0m▀[m[38;2;0;0;0m[48;2;0;0;0m▀[m[38;2;0;0;0m[48;2;0;0;0m▀[m[38;2;0;0;0m[48;2;0;0;4m▀[m[38;2;0;0;0m[48;2;241;240;248m▀[m[38;2;191;208;224m[48;2;192;208;224m▀[m[38;2;194;208;221m[48;2;192;208;224m▀[m[38;2;0;5;11m[48;2;0;0;10m▀[m[38;2;0;0;5m[48;2;2;0;3m▀[m[38;2;196;206;218m[48;2;0;0;7m▀[m[38;2;3;4;9m[48;2;192;208;224m▀[m[38;2;194;206;220m[48;2;0;0;2m▀[m[38;2;194;206;220m[48;2;0;0;2m▀[m[38;2;189;205;220m[48;2;0;0;2m▀[m[38;2;204;209;215m[48;2;0;0;2m▀[m[38;2;0;1;5m[48;2;0;3;6m▀[m[38;2;3;4;9m[48;2;195;207;221m▀[m[38;2;178;196;210m[48;2;192;208;223m▀[m[38;2;242;240;253m[48;2;239;242;251m▀[m[38;2;3;0;11m[48;2;241;240;246m▀[m[38;2;22;2;39m[48;2;234;233;239m▀[m[38;2;123;74;163m[48;2;9;0;17m▀[m[38;2;118;66;176m[48;2;118;66;177m▀[m[38;2;216;191;249m[48;2;118;66;176m▀[m[38;2;4;0;4m[48;2;6;0;19m▀[m[38;2;8;7;12m[48;2;8;8;10m▀[m[38;2;241;240;246m[48;2;242;241;247m▀[m[38;2;13;14;19m[48;2;0;0;2m▀[m[38;2;187;203;218m[48;2;1;1;3m▀[m[38;2;4;0;20m[48;2;116;62;174m▀[m[38;2;12;0;25m[48;2;122;64;177m▀[m[38;2;3;0;9m[48;2;11;0;33m▀[m[38;2;6;5;10m[48;2;0;0;9m▀[m[38;2;238;242;253m[48;2;195;207;223m▀[m[38;2;238;242;253m[48;2;195;207;223m▀[m[38;2;242;241;247m[48;2;244;242;253m▀[m[38;2;0;0;2m[48;2;0;0;0m▀[m
[38;2;0;0;0m[48;2;0;0;0m▀[m[38;2;0;0;0m[48;2;0;0;0m▀[m[38;2;0;0;0m[48;2;0;0;0m▀[m[38;2;0;0;0m[48;2;0;0;0m▀[m[38;2;0;0;0m[48;2;0;0;0m▀[m[38;2;0;0;0m[48;2;0;0;0m▀[m[38;2;0;0;4m[48;2;0;0;0m▀[m[38;2;241;240;248m[48;2;1;1;1m▀[m[38;2;192;208;224m[48;2;192;208;224m▀[m[38;2;192;208;224m[48;2;192;208;224m▀[m[38;2;2;2;10m[48;2;2;3;7m▀[m[38;2;2;0;13m[48;2;12;1;9m▀[m[38;2;204;194;221m[48;2;119;67;168m▀[m[38;2;2;0;3m[48;2;1;2;4m▀[m[38;2;241;239;250m[48;2;241;239;250m▀[m[38;2;241;239;250m[48;2;241;239;250m▀[m[38;2;196;204;217m[48;2;239;237;250m▀[m[38;2;211;218;228m[48;2;234;233;239m▀[m[38;2;3;5;4m[48;2;0;4;6m▀[m[38;2;3;1;4m[48;2;192;208;221m▀[m[38;2;191;207;222m[48;2;25;25;27m▀[m[38;2;239;242;251m[48;2;203;215;231m▀[m[38;2;241;240;246m[48;2;187;205;225m▀[m[38;2;233;232;238m[48;2;187;205;225m▀[m[38;2;222;222;222m[48;2;185;204;221m▀[m[38;2;0;0;5m[48;2;195;208;225m▀[m[38;2;0;1;0m[48;2;242;241;247m▀[m[38;2;221;222;227m[48;2;241;240;246m▀[m[38;2;232;231;237m[48;2;244;243;249m▀[m[38;2;13;13;15m[48;2;248;248;250m▀[m[38;2;0;0;2m[48;2;2;2;2m▀[m[38;2;0;0;2m[48;2;0;0;0m▀[m[38;2;0;1;5m[48;2;0;0;0m▀[m[38;2;1;0;0m[48;2;0;0;0m▀[m[38;2;3;5;0m[48;2;0;0;0m▀[m[38;2;18;16;21m[48;2;0;0;0m▀[m[38;2;1;0;5m[48;2;0;0;0m▀[m[38;2;1;0;5m[48;2;0;0;0m▀[m[38;2;0;0;0m[48;2;0;0;0m▀[m[38;2;0;0;0m[48;2;0;0;0m▀[m
[38;2;0;0;0m[48;2;0;0;0m▀[m[38;2;0;0;0m[48;2;0;0;0m▀[m[38;2;0;0;0m[48;2;0;0;0m▀[m[38;2;0;0;0m[48;2;0;0;0m▀[m[38;2;0;0;0m[48;2;0;0;0m▀[m[38;2;0;0;0m[48;2;0;0;0m▀[m[38;2;0;0;0m[48;2;0;0;0m▀[m[38;2;0;0;0m[48;2;0;0;0m▀[m[38;2;192;208;224m[48;2;195;205;217m▀[m[38;2;192;208;224m[48;2;188;205;223m▀[m[38;2;0;1;6m[48;2;5;9;21m▀[m[38;2;9;0;11m[48;2;8;4;29m▀[m[38;2;119;68;169m[48;2;93;69;121m▀[m[38;2;0;3;2m[48;2;4;4;6m▀[m[38;2;241;239;250m[48;2;241;239;250m▀[m[38;2;241;239;250m[48;2;241;239;250m▀[m[38;2;238;241;248m[48;2;241;240;248m▀[m[38;2;231;235;236m[48;2;234;233;238m▀[m[38;2;0;4;10m[48;2;8;9;13m▀[m[38;2;194;207;226m[48;2;200;208;219m▀[m[38;2;228;227;233m[48;2;255;254;255m▀[m[38;2;251;255;255m[48;2;253;253;253m▀[m[38;2;0;0;4m[48;2;9;9;9m▀[m[38;2;2;3;7m[48;2;1;1;1m▀[m[38;2;0;2;7m[48;2;16;17;19m▀[m[38;2;190;210;221m[48;2;200;209;216m▀[m[38;2;241;240;246m[48;2;237;236;242m▀[m[38;2;241;240;246m[48;2;237;236;242m▀[m[38;2;243;242;248m[48;2;217;216;221m▀[m[38;2;0;0;2m[48;2;13;12;17m▀[m[38;2;0;0;0m[48;2;0;0;0m▀[m[38;2;0;0;0m[48;2;0;0;0m▀[m[38;2;0;0;0m[48;2;0;0;0m▀[m[38;2;0;0;0m[48;2;0;0;0m▀[m[38;2;0;0;0m[48;2;0;0;0m▀[m[38;2;0;0;0m[48;2;0;0;0m▀[m[38;2;0;0;0m[48;2;0;0;0m▀[m[38;2;0;0;0m[48;2;0;0;0m▀[m[38;2;0;0;0m[48;2;0;0;0m▀[m[38;2;0;0;0m[48;2;0;0;0m▀[m
[38;2;0;0;0m[48;2;0;0;0m▀[m[38;2;0;0;0m[48;2;0;0;0m▀[m[38;2;0;0;0m[48;2;0;0;0m▀[m[38;2;0;0;0m[48;2;0;0;0m▀[m[38;2;0;0;0m[48;2;0;0;0m▀[m[38;2;0;0;0m[48;2;0;0;0m▀[m[38;2;0;0;0m[48;2;0;0;0m▀[m[38;2;0;0;0m[48;2;0;0;0m▀[m[38;2;241;240;245m[48;2;0;0;2m▀[m[38;2;190;205;224m[48;2;241;240;246m▀[m[38;2;194;208;217m[48;2;201;210;219m▀[m[38;2;186;206;217m[48;2;195;202;210m▀[m[38;2;0;1;8m[48;2;0;0;0m▀[m[38;2;240;239;253m[48;2;0;0;0m▀[m[38;2;241;239;250m[48;2;0;0;0m▀[m[38;2;241;239;250m[48;2;0;0;0m▀[m[38;2;241;240;248m[48;2;3;2;10m▀[m[38;2;234;233;238m[48;2;0;0;19m▀[m[38;2;0;0;0m[48;2;200;205;227m▀[m[38;2;1;0;0m[48;2;241;240;248m▀[m[38;2;241;240;246m[48;2;2;2;2m▀[m[38;2;3;3;3m[48;2;0;0;0m▀[m[38;2;0;0;0m[48;2;0;0;0m▀[m[38;2;0;0;0m[48;2;0;0;0m▀[m[38;2;0;0;0m[48;2;0;0;0m▀[m[38;2;1;0;0m[48;2;0;0;0m▀[m[38;2;0;0;0m[48;2;1;0;0m▀[m[38;2;0;0;0m[48;2;197;211;224m▀[m[38;2;8;7;12m[48;2;193;198;217m▀[m[38;2;242;241;246m[48;2;247;234;252m▀[m[38;2;0;0;0m[48;2;249;238;255m▀[m[38;2;0;0;0m[48;2;0;1;0m▀[m[38;2;0;0;0m[48;2;0;0;0m▀[m[38;2;0;0;0m[48;2;0;0;0m▀[m[38;2;0;0;0m[48;2;0;0;0m▀[m[38;2;0;0;0m[48;2;0;0;0m▀[m[38;2;0;0;0m[48;2;0;0;0m▀[m[38;2;0;0;0m[48;2;0;0;0m▀[m[38;2;0;0;0m[48;2;0;0;0m▀[m[38;2;0;0;0m[48;2;0;0;0m▀[m
[38;2;0;0;0m[48;2;0;0;0m▀[m[38;2;0;0;0m[48;2;0;0;0m▀[m[38;2;0;0;0m[48;2;0;0;0m▀[m[38;2;0;0;0m[48;2;0;0;0m▀[m[38;2;0;0;0m[48;2;0;0;0m▀[m[38;2;0;0;0m[48;2;0;0;0m▀[m[38;2;0;0;0m[48;2;0;0;0m▀[m[38;2;0;0;0m[48;2;0;0;0m▀[m[38;2;0;0;0m[48;2;0;0;0m▀[m[38;2;12;12;14m[48;2;0;0;0m▀[m[38;2;2;0;1m[48;2;0;0;0m▀[m[38;2;4;2;3m[48;2;0;0;0m▀[m[38;2;7;7;7m[48;2;0;0;0m▀[m[38;2;0;0;0m[48;2;0;0;0m▀[m[38;2;0;0;0m[48;2;0;0;0m▀[m[38;2;0;0;0m[48;2;0;0;0m▀[m[38;2;114;76;159m[48;2;114;71;151m▀[m[38;2;131;70;189m[48;2;123;62;181m▀[m[38;2;120;77;159m[48;2;114;65;174m▀[m[38;2;241;240;246m[48;2;240;240;250m▀[m[38;2;2;2;2m[48;2;2;2;2m▀[m[38;2;0;0;0m[48;2;0;0;0m▀[m[38;2;0;0;0m[48;2;0;0;0m▀[m[38;2;0;0;0m[48;2;0;0;0m▀[m[38;2;0;0;0m[48;2;0;0;0m▀[m[38;2;0;0;0m[48;2;0;0;0m▀[m[38;2;1;0;0m[48;2;3;0;0m▀[m[38;2;197;211;224m[48;2;197;210;227m▀[m[38;2;201;184;238m[48;2;207;197;250m▀[m[38;2;123;54;179m[48;2;125;60;190m▀[m[38;2;116;75;171m[48;2;122;67;171m▀[m[38;2;1;2;0m[48;2;0;5;0m▀[m[38;2;0;0;0m[48;2;0;0;0m▀[m[38;2;0;0;0m[48;2;0;0;0m▀[m[38;2;0;0;0m[48;2;0;0;0m▀[m[38;2;0;0;0m[48;2;0;0;0m▀[m[38;2;0;0;0m[48;2;0;0;0m▀[m[38;2;0;0;0m[48;2;0;0;0m▀[m[38;2;0;0;0m[48;2;0;0;0m▀[m[38;2;0;0;0m[48;2;0;0;0m▀[m
[m[38;2;0;0;0m▀[m[m[38;2;0;0;0m▀[m[m[38;2;0;0;0m▀[m[m[38;2;0;0;0m▀[m[m[38;2;0;0;0m▀[m[m[38;2;0;0;0m▀[m[m[38;2;0;0;0m▀[m[m[38;2;0;0;0m▀[m[m[38;2;0;0;0m▀[m[m[38;2;0;0;0m▀[m[m[38;2;0;0;0m▀[m[m[38;2;0;0;0m▀[m[m[38;2;0;0;0m▀[m[m[38;2;0;0;0m▀[m[m[38;2;0;0;0m▀[m[m[38;2;0;0;0m▀[m[m[38;2;5;2;11m▀[m[m[38;2;0;3;6m▀[m[m[38;2;6;2;16m▀[m[m[38;2;2;1;9m▀[m[m[38;2;11;11;11m▀[m[m[38;2;0;0;0m▀[m[m[38;2;0;0;0m▀[m[m[38;2;0;0;0m▀[m[m[38;2;0;0;0m▀[m[m[38;2;0;0;0m▀[m[m[38;2;0;1;0m▀[m[m[38;2;0;1;0m▀[m[m[38;2;11;6;13m▀[m[m[38;2;2;2;4m▀[m[m[38;2;6;0;7m▀[m[m[38;2;3;2;0m▀[m[m[38;2;1;1;1m▀[m[m[38;2;0;0;0m▀[m[m[38;2;0;0;0m▀[m[m[38;2;0;0;0m▀[m[m[38;2;0;0;0m▀[m[m[38;2;0;0;0m▀[m[m[38;2;0;0;0m▀[m[m[38;2;0;0;0m▀[m
