[38;2;0;0;0m[48;2;0;0;0m▀[m[38;2;0;0;0m[48;2;0;0;0m▀[m[38;2;0;0;0m[48;2;0;0;0m▀[m[38;2;0;0;0m[48;2;0;0;0m▀[m[38;2;0;0;0m[48;2;0;0;0m▀[m[38;2;0;0;0m[48;2;0;0;0m▀[m[38;2;0;0;0m[48;2;0;0;0m▀[m[38;2;0;0;0m[48;2;0;0;0m▀[m[38;2;0;0;0m[48;2;0;0;0m▀[m[38;2;0;0;0m[48;2;0;0;0m▀[m[38;2;0;0;0m[48;2;0;0;0m▀[m[38;2;0;0;0m[48;2;0;0;0m▀[m[38;2;0;0;0m[48;2;0;0;0m▀[m[38;2;0;0;0m[48;2;88;88;88m▀[m[38;2;88;88;88m[48;2;0;0;0m▀[m[38;2;0;0;0m[48;2;37;37;37m▀[m[38;2;0;0;0m[48;2;68;68;68m▀[m[38;2;0;0;0m[48;2;0;0;0m▀[m[38;2;0;0;0m[48;2;0;0;0m▀[m[38;2;0;0;0m[48;2;0;0;0m▀[m[38;2;0;0;0m[48;2;0;0;0m▀[m[38;2;0;0;0m[48;2;0;0;0m▀[m[38;2;0;0;0m[48;2;0;0;0m▀[m[38;2;0;0;0m[48;2;0;0;0m▀[m[38;2;0;0;0m[48;2;0;0;0m▀[m[38;2;0;0;0m[48;2;0;0;0m▀[m[38;2;0;0;0m[48;2;0;0;0m▀[m[38;2;0;0;0m[48;2;0;0;0m▀[m[38;2;0;0;0m[48;2;0;0;0m▀[m[38;2;0;0;0m[48;2;0;0;0m▀[m[38;2;0;0;0m[48;2;0;0;0m▀[m[38;2;0;0;0m[48;2;0;0;0m▀[m[38;2;0;0;0m[48;2;0;0;0m▀[m[38;2;0;0;0m[48;2;0;0;0m▀[m[38;2;0;0;0m[48;2;0;0;0m▀[m[38;2;0;0;0m[48;2;0;0;0m▀[m[38;2;0;0;0m[48;2;0;0;0m▀[m[38;2;0;0;0m[48;2;0;0;0m▀[m[38;2;0;0;0m[48;2;0;0;0m▀[m[38;2;0;0;0m[48;2;0;0;0m▀[m[38;2;0;0;0m[48;2;0;0;0m▀[m[38;2;0;0;0m[48;2;0;0;0m▀[m[38;2;0;0;0m[48;2;0;0;0m▀[m
[38;2;0;0;0m[48;2;0;0;0m▀[m[38;2;0;0;0m[48;2;0;0;0m▀[m[38;2;0;0;0m[48;2;0;0;0m▀[m[38;2;0;0;0m[48;2;0;0;0m▀[m[38;2;0;0;0m[48;2;0;0;0m▀[m[38;2;0;0;0m[48;2;0;0;0m▀[m[38;2;0;0;0m[48;2;0;0;0m▀[m[38;2;0;0;0m[48;2;13;13;13m▀[m[38;2;0;0;0m[48;2;0;0;0m▀[m[38;2;0;0;0m[48;2;0;0;0m▀[m[38;2;0;0;0m[48;2;0;0;0m▀[m[38;2;0;0;0m[48;2;88;88;88m▀[m[38;2;88;88;88m[48;2;0;0;0m▀[m[38;2;0;0;0m[48;2;0;0;0m▀[m[38;2;0;0;0m[48;2;0;0;0m▀[m[38;2;30;30;30m[48;2;30;30;30m▀[m[38;2;88;88;88m[48;2;106;106;106m▀[m[38;2;0;0;0m[48;2;0;0;0m▀[m[38;2;0;0;0m[48;2;0;0;0m▀[m[38;2;0;0;0m[48;2;155;155;155m▀[m[38;2;137;137;137m[48;2;47;47;47m▀[m[38;2;24;24;24m[48;2;24;24;24m▀[m[38;2;24;24;24m[48;2;55;55;55m▀[m[38;2;0;0;0m[48;2;0;0;0m▀[m[38;2;0;0;0m[48;2;0;0;0m▀[m[38;2;0;0;0m[48;2;0;0;0m▀[m[38;2;0;0;0m[48;2;0;0;0m▀[m[38;2;0;0;0m[48;2;0;0;0m▀[m[38;2;0;0;0m[48;2;0;0;0m▀[m[38;2;0;0;0m[48;2;0;0;0m▀[m[38;2;0;0;0m[48;2;0;0;0m▀[m[38;2;0;0;0m[48;2;0;0;0m▀[m[38;2;0;0;0m[48;2;0;0;0m▀[m[38;2;0;0;0m[48;2;0;0;0m▀[m[38;2;0;0;0m[48;2;0;0;0m▀[m[38;2;0;0;0m[48;2;0;0;0m▀[m[38;2;0;0;0m[48;2;0;0;0m▀[m[38;2;0;0;0m[48;2;0;0;0m▀[m[38;2;0;0;0m[48;2;0;0;0m▀[m[38;2;0;0;0m[48;2;0;0;0m▀[m[38;2;0;0;0m[48;2;0;0;0m▀[m[38;2;0;0;0m[48;2;0;0;0m▀[m[38;2;0;0;0m[48;2;0;0;0m▀[m
[38;2;0;0;0m[48;2;0;0;0m▀[m[38;2;0;0;0m[48;2;0;0;0m▀[m[38;2;0;0;0m[48;2;0;0;0m▀[m[38;2;0;0;0m[48;2;0;0;0m▀[m[38;2;0;0;0m[48;2;0;0;0m▀[m[38;2;0;0;0m[48;2;0;0;0m▀[m[38;2;0;0;0m[48;2;0;0;0m▀[m[38;2;37;37;37m[48;2;68;68;68m▀[m[38;2;0;0;0m[48;2;37;37;37m▀[m[38;2;0;0;0m[48;2;19;19;19m▀[m[38;2;0;0;0m[48;2;88;88;88m▀[m[38;2;88;88;88m[48;2;0;0;0m▀[m[38;2;0;0;0m[48;2;0;0;0m▀[m[38;2;0;0;0m[48;2;0;0;0m▀[m[38;2;0;0;0m[48;2;0;0;0m▀[m[38;2;30;30;30m[48;2;0;0;0m▀[m[38;2;0;0;0m[48;2;137;137;137m▀[m[38;2;0;0;0m[48;2;88;88;88m▀[m[38;2;88;88;88m[48;2;60;60;60m▀[m[38;2;30;30;30m[48;2;13;13;13m▀[m[38;2;0;0;0m[48;2;0;0;0m▀[m[38;2;24;24;24m[48;2;155;155;155m▀[m[38;2;0;0;0m[48;2;0;0;0m▀[m[38;2;0;0;0m[48;2;0;0;0m▀[m[38;2;0;0;0m[48;2;0;0;0m▀[m[38;2;0;0;0m[48;2;0;0;0m▀[m[38;2;0;0;0m[48;2;0;0;0m▀[m[38;2;0;0;0m[48;2;0;0;0m▀[m[38;2;0;0;0m[48;2;155;155;155m▀[m[38;2;0;0;0m[48;2;0;0;0m▀[m[38;2;0;0;0m[48;2;0;0;0m▀[m[38;2;0;0;0m[48;2;0;0;0m▀[m[38;2;0;0;0m[48;2;0;0;0m▀[m[38;2;0;0;0m[48;2;0;0;0m▀[m[38;2;0;0;0m[48;2;0;0;0m▀[m[38;2;0;0;0m[48;2;0;0;0m▀[m[38;2;0;0;0m[48;2;0;0;0m▀[m[38;2;0;0;0m[48;2;0;0;0m▀[m[38;2;0;0;0m[48;2;0;0;0m▀[m[38;2;0;0;0m[48;2;0;0;0m▀[m[38;2;0;0;0m[48;2;0;0;0m▀[m[38;2;0;0;0m[48;2;0;0;0m▀[m[38;2;0;0;0m[48;2;0;0;0m▀[m
[38;2;0;0;0m[48;2;0;0;0m▀[m[38;2;0;0;0m[48;2;0;0;0m▀[m[38;2;0;0;0m[48;2;0;0;0m▀[m[38;2;0;0;0m[48;2;0;0;0m▀[m[38;2;0;0;0m[48;2;0;0;0m▀[m[38;2;0;0;0m[48;2;0;0;0m▀[m[38;2;68;68;68m[48;2;68;68;68m▀[m[38;2;24;24;24m[48;2;0;0;0m▀[m[38;2;68;68;68m[48;2;0;0;0m▀[m[38;2;88;88;88m[48;2;68;68;68m▀[m[38;2;88;88;88m[48;2;88;88;88m▀[m[38;2;0;0;0m[48;2;0;0;0m▀[m[38;2;0;0;0m[48;2;0;0;0m▀[m[38;2;0;0;0m[48;2;0;0;0m▀[m[38;2;0;0;0m[48;2;0;0;0m▀[m[38;2;0;0;0m[48;2;0;0;0m▀[m[38;2;60;60;60m[48;2;13;13;13m▀[m[38;2;88;88;88m[48;2;37;37;37m▀[m[38;2;30;30;30m[48;2;0;0;0m▀[m[38;2;0;0;0m[48;2;0;0;0m▀[m[38;2;0;0;0m[48;2;0;0;0m▀[m[38;2;155;155;155m[48;2;155;155;155m▀[m[38;2;0;0;0m[48;2;0;0;0m▀[m[38;2;0;0;0m[48;2;155;155;155m▀[m[38;2;0;0;0m[48;2;155;155;155m▀[m[38;2;0;0;0m[48;2;68;68;68m▀[m[38;2;155;155;155m[48;2;0;0;0m▀[m[38;2;68;68;68m[48;2;0;0;0m▀[m[38;2;0;0;0m[48;2;0;0;0m▀[m[38;2;68;68;68m[48;2;68;68;68m▀[m[38;2;0;0;0m[48;2;0;0;0m▀[m[38;2;0;0;0m[48;2;0;0;0m▀[m[38;2;0;0;0m[48;2;0;0;0m▀[m[38;2;0;0;0m[48;2;0;0;0m▀[m[38;2;0;0;0m[48;2;0;0;0m▀[m[38;2;0;0;0m[48;2;0;0;0m▀[m[38;2;0;0;0m[48;2;0;0;0m▀[m[38;2;0;0;0m[48;2;0;0;0m▀[m[38;2;0;0;0m[48;2;0;0;0m▀[m[38;2;0;0;0m[48;2;0;0;0m▀[m[38;2;0;0;0m[48;2;0;0;0m▀[m[38;2;0;0;0m[48;2;0;0;0m▀[m[38;2;0;0;0m[48;2;0;0;0m▀[m
[38;2;0;0;0m[48;2;0;0;0m▀[m[38;2;0;0;0m[48;2;0;0;0m▀[m[38;2;0;0;0m[48;2;0;0;0m▀[m[38;2;0;0;0m[48;2;0;0;0m▀[m[38;2;0;0;0m[48;2;0;0;0m▀[m[38;2;0;0;0m[48;2;0;0;0m▀[m[38;2;68;68;68m[48;2;0;0;0m▀[m[38;2;68;68;68m[48;2;0;0;0m▀[m[38;2;0;0;0m[48;2;0;0;0m▀[m[38;2;13;13;13m[48;2;0;0;0m▀[m[38;2;88;88;88m[48;2;13;13;13m▀[m[38;2;0;0;0m[48;2;0;0;0m▀[m[38;2;0;0;0m[48;2;0;0;0m▀[m[38;2;0;0;0m[48;2;0;0;0m▀[m[38;2;0;0;0m[48;2;0;0;0m▀[m[38;2;0;0;0m[48;2;0;0;0m▀[m[38;2;0;0;0m[48;2;0;0;0m▀[m[38;2;0;0;0m[48;2;0;0;0m▀[m[38;2;0;0;0m[48;2;0;0;0m▀[m[38;2;0;0;0m[48;2;0;0;0m▀[m[38;2;0;0;0m[48;2;0;0;0m▀[m[38;2;0;0;0m[48;2;0;0;0m▀[m[38;2;155;155;155m[48;2;0;0;0m▀[m[38;2;24;24;24m[48;2;0;0;0m▀[m[38;2;0;0;0m[48;2;0;0;0m▀[m[38;2;0;0;0m[48;2;0;0;0m▀[m[38;2;0;0;0m[48;2;0;0;0m▀[m[38;2;0;0;0m[48;2;68;68;68m▀[m[38;2;68;68;68m[48;2;68;68;68m▀[m[38;2;0;0;0m[48;2;0;0;0m▀[m[38;2;0;0;0m[48;2;0;0;0m▀[m[38;2;0;0;0m[48;2;0;0;0m▀[m[38;2;0;0;0m[48;2;0;0;0m▀[m[38;2;0;0;0m[48;2;0;0;0m▀[m[38;2;0;0;0m[48;2;0;0;0m▀[m[38;2;0;0;0m[48;2;0;0;0m▀[m[38;2;0;0;0m[48;2;0;0;0m▀[m[38;2;0;0;0m[48;2;0;0;0m▀[m[38;2;0;0;0m[48;2;0;0;0m▀[m[38;2;0;0;0m[48;2;0;0;0m▀[m[38;2;0;0;0m[48;2;0;0;0m▀[m[38;2;0;0;0m[48;2;0;0;0m▀[m[38;2;0;0;0m[48;2;0;0;0m▀[m
[38;2;24;24;24m[48;2;242;219;154m▀[m[38;2;226;176;70m[48;2;226;183;129m▀[m[38;2;227;187;59m[48;2;226;183;129m▀[m[38;2;227;187;59m[48;2;226;183;129m▀[m[38;2;227;187;59m[48;2;226;183;129m▀[m[38;2;227;187;59m[48;2;226;183;129m▀[m[38;2;227;187;59m[48;2;226;183;129m▀[m[38;2;227;187;59m[48;2;226;183;129m▀[m[38;2;56;55;27m[48;2;106;106;106m▀[m[38;2;0;0;0m[48;2;24;24;24m▀[m[38;2;0;0;0m[48;2;0;0;0m▀[m[38;2;0;0;0m[48;2;0;0;0m▀[m[38;2;0;0;0m[48;2;0;0;0m▀[m[38;2;0;0;0m[48;2;0;0;0m▀[m[38;2;0;0;0m[48;2;0;0;0m▀[m[38;2;0;0;0m[48;2;0;0;0m▀[m[38;2;0;0;0m[48;2;60;40;34m▀[m[38;2;0;0;0m[48;2;192;128;109m▀[m[38;2;0;0;0m[48;2;0;0;0m▀[m[38;2;0;0;0m[48;2;0;0;0m▀[m[38;2;0;0;0m[48;2;0;0;0m▀[m[38;2;0;0;0m[48;2;0;0;0m▀[m[38;2;0;0;0m[48;2;0;0;0m▀[m[38;2;0;0;0m[48;2;0;0;0m▀[m[38;2;0;0;0m[48;2;0;0;0m▀[m[38;2;0;0;0m[48;2;68;68;68m▀[m[38;2;68;68;68m[48;2;0;0;0m▀[m[38;2;0;0;0m[48;2;0;0;0m▀[m[38;2;0;0;0m[48;2;68;68;68m▀[m[38;2;68;68;68m[48;2;88;88;88m▀[m[38;2;155;155;155m[48;2;0;0;0m▀[m[38;2;0;0;0m[48;2;0;0;0m▀[m[38;2;0;0;0m[48;2;0;0;0m▀[m[38;2;0;0;0m[48;2;0;0;0m▀[m[38;2;0;0;0m[48;2;0;0;0m▀[m[38;2;0;0;0m[48;2;0;0;0m▀[m[38;2;0;0;0m[48;2;0;0;0m▀[m[38;2;0;0;0m[48;2;0;0;0m▀[m[38;2;0;0;0m[48;2;0;0;0m▀[m[38;2;0;0;0m[48;2;0;0;0m▀[m[38;2;0;0;0m[48;2;0;0;0m▀[m[38;2;0;0;0m[48;2;0;0;0m▀[m[38;2;0;0;0m[48;2;0;0;0m▀[m
[38;2;0;0;0m[48;2;0;0;0m▀[m[38;2;0;0;0m[48;2;0;0;0m▀[m[38;2;0;0;0m[48;2;0;0;0m▀[m[38;2;0;0;0m[48;2;0;0;0m▀[m[38;2;0;0;0m[48;2;0;0;0m▀[m[38;2;0;0;0m[48;2;0;0;0m▀[m[38;2;0;0;0m[48;2;0;0;0m▀[m[38;2;0;0;0m[48;2;0;0;0m▀[m[38;2;0;0;0m[48;2;0;0;0m▀[m[38;2;88;88;88m[48;2;0;0;0m▀[m[38;2;13;13;13m[48;2;68;68;68m▀[m[38;2;0;0;0m[48;2;0;0;0m▀[m[38;2;0;0;0m[48;2;0;0;0m▀[m[38;2;0;0;0m[48;2;0;0;0m▀[m[38;2;0;0;0m[48;2;0;0;0m▀[m[38;2;0;0;0m[48;2;0;0;0m▀[m[38;2;192;128;109m[48;2;255;214;192m▀[m[38;2;255;214;192m[48;2;255;214;192m▀[m[38;2;0;0;0m[48;2;255;214;192m▀[m[38;2;0;0;0m[48;2;0;0;0m▀[m[38;2;0;0;0m[48;2;0;0;0m▀[m[38;2;0;0;0m[48;2;102;68;58m▀[m[38;2;0;0;0m[48;2;0;0;0m▀[m[38;2;0;0;0m[48;2;0;0;0m▀[m[38;2;0;0;0m[48;2;0;0;0m▀[m[38;2;0;0;0m[48;2;0;0;0m▀[m[38;2;0;0;0m[48;2;0;0;0m▀[m[38;2;13;13;13m[48;2;13;13;13m▀[m[38;2;68;68;68m[48;2;68;68;68m▀[m[38;2;0;0;0m[48;2;0;0;0m▀[m[38;2;0;0;0m[48;2;0;0;0m▀[m[38;2;0;0;0m[48;2;0;0;0m▀[m[38;2;0;0;0m[48;2;0;0;0m▀[m[38;2;0;0;0m[48;2;0;0;0m▀[m[38;2;0;0;0m[48;2;0;0;0m▀[m[38;2;0;0;0m[48;2;0;0;0m▀[m[38;2;0;0;0m[48;2;0;0;0m▀[m[38;2;0;0;0m[48;2;0;0;0m▀[m[38;2;0;0;0m[48;2;0;0;0m▀[m[38;2;0;0;0m[48;2;0;0;0m▀[m[38;2;0;0;0m[48;2;0;0;0m▀[m[38;2;0;0;0m[48;2;0;0;0m▀[m[38;2;0;0;0m[48;2;0;0;0m▀[m
[38;2;0;0;0m[48;2;0;0;0m▀[m[38;2;0;0;0m[48;2;0;0;0m▀[m[38;2;0;0;0m[48;2;0;0;0m▀[m[38;2;0;0;0m[48;2;0;0;0m▀[m[38;2;0;0;0m[48;2;0;0;0m▀[m[38;2;0;0;0m[48;2;0;0;0m▀[m[38;2;0;0;0m[48;2;0;0;0m▀[m[38;2;0;0;0m[48;2;0;0;0m▀[m[38;2;0;0;0m[48;2;0;0;0m▀[m[38;2;0;0;0m[48;2;0;0;0m▀[m[38;2;0;0;0m[48;2;42;42;42m▀[m[38;2;0;0;0m[48;2;0;0;0m▀[m[38;2;0;0;0m[48;2;0;0;0m▀[m[38;2;0;0;0m[48;2;42;28;24m▀[m[38;2;0;0;0m[48;2;0;0;0m▀[m[38;2;0;0;0m[48;2;0;0;0m▀[m[38;2;255;214;192m[48;2;255;255;255m▀[m[38;2;255;214;192m[48;2;255;214;192m▀[m[38;2;255;214;192m[48;2;255;214;192m▀[m[38;2;255;214;192m[48;2;226;192;172m▀[m[38;2;0;0;0m[48;2;255;255;255m▀[m[38;2;192;128;109m[48;2;214;143;121m▀[m[38;2;13;13;13m[48;2;13;13;13m▀[m[38;2;0;0;0m[48;2;102;68;58m▀[m[38;2;0;0;0m[48;2;0;0;0m▀[m[38;2;0;0;0m[48;2;0;0;0m▀[m[38;2;0;0;0m[48;2;250;235;114m▀[m[38;2;167;162;80m[48;2;250;235;114m▀[m[38;2;33;32;13m[48;2;250;235;114m▀[m[38;2;0;0;0m[48;2;19;19;19m▀[m[38;2;0;0;0m[48;2;88;88;88m▀[m[38;2;0;0;0m[48;2;0;0;0m▀[m[38;2;0;0;0m[48;2;0;0;0m▀[m[38;2;0;0;0m[48;2;0;0;0m▀[m[38;2;0;0;0m[48;2;0;0;0m▀[m[38;2;0;0;0m[48;2;0;0;0m▀[m[38;2;0;0;0m[48;2;0;0;0m▀[m[38;2;0;0;0m[48;2;0;0;0m▀[m[38;2;0;0;0m[48;2;0;0;0m▀[m[38;2;0;0;0m[48;2;0;0;0m▀[m[38;2;0;0;0m[48;2;0;0;0m▀[m[38;2;0;0;0m[48;2;0;0;0m▀[m[38;2;0;0;0m[48;2;0;0;0m▀[m
[38;2;0;0;0m[48;2;0;0;0m▀[m[38;2;0;0;0m[48;2;0;0;0m▀[m[38;2;0;0;0m[48;2;0;0;0m▀[m[38;2;0;0;0m[48;2;0;0;0m▀[m[38;2;0;0;0m[48;2;0;0;0m▀[m[38;2;0;0;0m[48;2;0;0;0m▀[m[38;2;0;0;0m[48;2;0;0;0m▀[m[38;2;0;0;0m[48;2;0;0;0m▀[m[38;2;0;0;0m[48;2;60;60;60m▀[m[38;2;37;37;37m[48;2;0;0;0m▀[m[38;2;0;0;0m[48;2;0;0;0m▀[m[38;2;0;0;0m[48;2;0;0;0m▀[m[38;2;0;0;0m[48;2;0;0;0m▀[m[38;2;192;128;109m[48;2;192;128;109m▀[m[38;2;255;214;192m[48;2;255;214;192m▀[m[38;2;0;0;0m[48;2;255;255;255m▀[m[38;2;255;255;255m[48;2;255;255;255m▀[m[38;2;255;255;255m[48;2;47;47;47m▀[m[38;2;255;214;192m[48;2;255;214;192m▀[m[38;2;255;255;255m[48;2;37;37;37m▀[m[38;2;255;255;255m[48;2;255;255;255m▀[m[38;2;255;255;255m[48;2;255;255;255m▀[m[38;2;214;143;121m[48;2;214;143;121m▀[m[38;2;214;143;121m[48;2;0;0;0m▀[m[38;2;0;0;0m[48;2;0;0;0m▀[m[38;2;0;0;0m[48;2;117;114;56m▀[m[38;2;250;235;114m[48;2;117;114;56m▀[m[38;2;250;235;114m[48;2;187;174;26m▀[m[38;2;250;235;114m[48;2;243;218;101m▀[m[38;2;255;246;122m[48;2;255;246;122m▀[m[38;2;0;0;0m[48;2;255;246;122m▀[m[38;2;0;0;0m[48;2;0;0;0m▀[m[38;2;0;0;0m[48;2;0;0;0m▀[m[38;2;0;0;0m[48;2;0;0;0m▀[m[38;2;0;0;0m[48;2;0;0;0m▀[m[38;2;0;0;0m[48;2;0;0;0m▀[m[38;2;0;0;0m[48;2;0;0;0m▀[m[38;2;0;0;0m[48;2;0;0;0m▀[m[38;2;0;0;0m[48;2;0;0;0m▀[m[38;2;0;0;0m[48;2;0;0;0m▀[m[38;2;0;0;0m[48;2;0;0;0m▀[m[38;2;0;0;0m[48;2;0;0;0m▀[m[38;2;0;0;0m[48;2;0;0;0m▀[m
[38;2;0;0;0m[48;2;0;0;0m▀[m[38;2;0;0;0m[48;2;0;0;0m▀[m[38;2;0;0;0m[48;2;24;24;24m▀[m[38;2;0;0;0m[48;2;0;0;13m▀[m[38;2;0;0;0m[48;2;0;0;0m▀[m[38;2;24;24;24m[48;2;193;0;1m▀[m[38;2;24;24;24m[48;2;168;0;0m▀[m[38;2;0;0;0m[48;2;0;0;0m▀[m[38;2;0;0;0m[48;2;0;0;0m▀[m[38;2;88;88;88m[48;2;24;24;24m▀[m[38;2;88;88;88m[48;2;24;24;24m▀[m[38;2;88;88;88m[48;2;55;55;55m▀[m[38;2;0;0;0m[48;2;88;88;88m▀[m[38;2;226;192;172m[48;2;13;13;13m▀[m[38;2;255;214;192m[48;2;226;192;172m▀[m[38;2;255;214;192m[48;2;226;192;172m▀[m[38;2;255;255;255m[48;2;255;214;192m▀[m[38;2;255;255;255m[48;2;255;214;192m▀[m[38;2;255;214;192m[48;2;255;214;192m▀[m[38;2;255;255;255m[48;2;255;214;192m▀[m[38;2;255;255;255m[48;2;255;214;192m▀[m[38;2;214;143;121m[48;2;214;143;121m▀[m[38;2;13;13;13m[48;2;13;13;13m▀[m[38;2;0;0;0m[48;2;13;13;13m▀[m[38;2;0;0;0m[48;2;13;13;13m▀[m[38;2;0;0;0m[48;2;13;13;13m▀[m[38;2;213;213;213m[48;2;13;13;13m▀[m[38;2;197;167;150m[48;2;13;13;13m▀[m[38;2;19;19;19m[48;2;250;202;180m▀[m[38;2;33;32;13m[48;2;250;202;180m▀[m[38;2;255;246;122m[48;2;13;13;13m▀[m[38;2;0;0;0m[48;2;255;246;122m▀[m[38;2;0;0;0m[48;2;255;246;122m▀[m[38;2;0;0;0m[48;2;0;0;0m▀[m[38;2;0;0;0m[48;2;0;0;0m▀[m[38;2;0;0;0m[48;2;0;0;0m▀[m[38;2;0;0;0m[48;2;0;0;0m▀[m[38;2;0;0;0m[48;2;0;0;0m▀[m[38;2;0;0;0m[48;2;0;0;0m▀[m[38;2;0;0;0m[48;2;0;0;0m▀[m[38;2;0;0;0m[48;2;0;0;0m▀[m[38;2;0;0;0m[48;2;0;0;0m▀[m[38;2;0;0;0m[48;2;0;0;0m▀[m
[38;2;0;0;0m[48;2;0;0;0m▀[m[38;2;0;0;0m[48;2;0;0;0m▀[m[38;2;114;56;19m[48;2;0;0;0m▀[m[38;2;114;56;19m[48;2;0;0;0m▀[m[38;2;193;0;1m[48;2;24;24;24m▀[m[38;2;193;0;1m[48;2;116;0;0m▀[m[38;2;168;0;0m[48;2;116;0;0m▀[m[38;2;226;0;1m[48;2;116;0;0m▀[m[38;2;253;0;2m[48;2;116;0;0m▀[m[38;2;253;48;48m[48;2;116;0;0m▀[m[38;2;253;48;48m[48;2;116;0;0m▀[m[38;2;253;48;48m[48;2;116;0;0m▀[m[38;2;253;48;48m[48;2;13;13;13m▀[m[38;2;253;48;48m[48;2;33;32;13m▀[m[38;2;13;13;13m[48;2;250;202;180m▀[m[38;2;13;13;13m[48;2;250;202;180m▀[m[38;2;255;214;192m[48;2;13;13;13m▀[m[38;2;253;48;48m[48;2;13;13;13m▀[m[38;2;253;48;48m[48;2;30;30;30m▀[m[38;2;253;48;48m[48;2;30;30;30m▀[m[38;2;255;214;192m[48;2;30;30;30m▀[m[38;2;24;24;24m[48;2;255;214;192m▀[m[38;2;13;13;13m[48;2;13;13;13m▀[m[38;2;172;114;97m[48;2;13;13;13m▀[m[38;2;183;130;127m[48;2;183;130;127m▀[m[38;2;16;37;130m[48;2;0;5;73m▀[m[38;2;16;37;130m[48;2;0;5;73m▀[m[38;2;192;128;109m[48;2;9;22;83m▀[m[38;2;192;128;109m[48;2;0;0;0m▀[m[38;2;19;19;19m[48;2;0;0;0m▀[m[38;2;0;0;0m[48;2;88;88;88m▀[m[38;2;255;246;122m[48;2;250;235;114m▀[m[38;2;255;246;122m[48;2;233;193;83m▀[m[38;2;250;235;114m[48;2;243;218;101m▀[m[38;2;0;0;0m[48;2;242;219;154m▀[m[38;2;0;0;0m[48;2;0;0;0m▀[m[38;2;0;0;0m[48;2;0;0;0m▀[m[38;2;0;0;0m[48;2;0;0;0m▀[m[38;2;0;0;0m[48;2;0;0;0m▀[m[38;2;0;0;0m[48;2;0;0;0m▀[m[38;2;0;0;0m[48;2;0;0;0m▀[m[38;2;0;0;0m[48;2;0;0;0m▀[m[38;2;0;0;0m[48;2;0;0;0m▀[m
[38;2;0;0;0m[48;2;0;0;0m▀[m[38;2;0;0;0m[48;2;0;0;0m▀[m[38;2;0;0;0m[48;2;0;0;0m▀[m[38;2;0;0;0m[48;2;0;0;0m▀[m[38;2;0;0;0m[48;2;0;0;0m▀[m[38;2;0;0;0m[48;2;0;0;0m▀[m[38;2;0;0;0m[48;2;0;0;0m▀[m[38;2;0;0;0m[48;2;0;0;0m▀[m[38;2;0;0;0m[48;2;0;0;0m▀[m[38;2;0;0;0m[48;2;0;0;0m▀[m[38;2;0;0;0m[48;2;67;0;0m▀[m[38;2;13;13;13m[48;2;24;24;24m▀[m[38;2;24;24;24m[48;2;255;214;192m▀[m[38;2;255;214;192m[48;2;255;214;192m▀[m[38;2;255;214;192m[48;2;255;214;192m▀[m[38;2;255;214;192m[48;2;255;214;192m▀[m[38;2;24;24;24m[48;2;230;196;154m▀[m[38;2;238;69;30m[48;2;19;19;19m▀[m[38;2;238;69;30m[48;2;238;69;30m▀[m[38;2;24;24;24m[48;2;248;72;31m▀[m[38;2;255;214;192m[48;2;24;24;24m▀[m[38;2;255;214;192m[48;2;13;13;13m▀[m[38;2;13;13;13m[48;2;149;40;1m▀[m[38;2;108;28;0m[48;2;122;33;0m▀[m[38;2;13;13;13m[48;2;40;0;0m▀[m[38;2;19;19;19m[48;2;88;88;88m▀[m[38;2;0;0;32m[48;2;0;0;0m▀[m[38;2;0;0;0m[48;2;0;0;0m▀[m[38;2;0;0;0m[48;2;0;0;0m▀[m[38;2;19;19;19m[48;2;88;88;88m▀[m[38;2;0;0;0m[48;2;88;88;88m▀[m[38;2;150;116;41m[48;2;13;13;13m▀[m[38;2;0;0;0m[48;2;0;0;0m▀[m[38;2;238;206;93m[48;2;243;218;101m▀[m[38;2;255;246;122m[48;2;255;246;122m▀[m[38;2;0;0;0m[48;2;24;24;24m▀[m[38;2;0;0;0m[48;2;0;0;0m▀[m[38;2;0;0;0m[48;2;0;0;0m▀[m[38;2;0;0;0m[48;2;0;0;0m▀[m[38;2;0;0;0m[48;2;0;0;0m▀[m[38;2;0;0;0m[48;2;0;0;0m▀[m[38;2;0;0;0m[48;2;0;0;0m▀[m[38;2;0;0;0m[48;2;0;0;0m▀[m
[38;2;0;0;0m[48;2;0;0;0m▀[m[38;2;0;0;0m[48;2;0;0;0m▀[m[38;2;0;0;0m[48;2;0;0;0m▀[m[38;2;0;0;0m[48;2;0;0;0m▀[m[38;2;0;0;0m[48;2;0;0;0m▀[m[38;2;0;0;0m[48;2;0;0;0m▀[m[38;2;0;0;0m[48;2;0;0;0m▀[m[38;2;0;0;0m[48;2;0;0;0m▀[m[38;2;0;0;0m[48;2;0;0;0m▀[m[38;2;0;0;0m[48;2;0;0;0m▀[m[38;2;0;0;0m[48;2;0;0;0m▀[m[38;2;24;24;24m[48;2;30;30;30m▀[m[38;2;255;214;192m[48;2;255;214;192m▀[m[38;2;255;214;192m[48;2;228;152;129m▀[m[38;2;255;214;192m[48;2;228;152;129m▀[m[38;2;230;196;154m[48;2;19;0;0m▀[m[38;2;214;143;121m[48;2;214;143;121m▀[m[38;2;19;19;19m[48;2;19;19;19m▀[m[38;2;238;69;30m[48;2;238;69;30m▀[m[38;2;248;72;31m[48;2;238;69;30m▀[m[38;2;248;72;31m[48;2;248;72;31m▀[m[38;2;238;69;30m[48;2;238;69;30m▀[m[38;2;209;60;23m[48;2;183;51;16m▀[m[38;2;149;40;1m[48;2;122;33;0m▀[m[38;2;27;0;0m[48;2;40;0;0m▀[m[38;2;13;13;13m[48;2;0;0;0m▀[m[38;2;0;0;0m[48;2;0;0;0m▀[m[38;2;0;0;0m[48;2;88;88;88m▀[m[38;2;88;88;88m[48;2;88;88;88m▀[m[38;2;0;0;0m[48;2;88;88;88m▀[m[38;2;88;88;88m[48;2;24;24;24m▀[m[38;2;0;0;0m[48;2;0;0;0m▀[m[38;2;0;0;0m[48;2;0;0;0m▀[m[38;2;243;218;101m[48;2;243;218;101m▀[m[38;2;255;246;122m[48;2;255;246;122m▀[m[38;2;24;24;24m[48;2;24;24;24m▀[m[38;2;0;0;0m[48;2;0;0;0m▀[m[38;2;0;0;0m[48;2;0;0;0m▀[m[38;2;0;0;0m[48;2;0;0;0m▀[m[38;2;0;0;0m[48;2;0;0;0m▀[m[38;2;0;0;0m[48;2;0;0;0m▀[m[38;2;0;0;0m[48;2;0;0;0m▀[m[38;2;0;0;0m[48;2;0;0;0m▀[m
[38;2;0;0;0m[48;2;0;0;0m▀[m[38;2;0;0;0m[48;2;0;0;0m▀[m[38;2;0;0;0m[48;2;0;0;0m▀[m[38;2;0;0;0m[48;2;0;0;0m▀[m[38;2;0;0;0m[48;2;0;0;0m▀[m[38;2;0;0;0m[48;2;0;0;0m▀[m[38;2;0;0;0m[48;2;0;0;0m▀[m[38;2;0;0;0m[48;2;0;0;0m▀[m[38;2;0;0;0m[48;2;0;0;0m▀[m[38;2;0;0;0m[48;2;0;0;0m▀[m[38;2;0;0;0m[48;2;0;0;0m▀[m[38;2;13;13;13m[48;2;13;13;13m▀[m[38;2;255;214;192m[48;2;16;37;130m▀[m[38;2;216;155;153m[48;2;16;37;130m▀[m[38;2;228;152;129m[48;2;16;37;130m▀[m[38;2;228;152;129m[48;2;13;13;13m▀[m[38;2;27;0;0m[48;2;19;0;0m▀[m[38;2;13;13;13m[48;2;13;13;13m▀[m[38;2;65;16;12m[48;2;77;20;0m▀[m[38;2;238;69;30m[48;2;238;69;30m▀[m[38;2;248;72;31m[48;2;248;72;31m▀[m[38;2;183;51;16m[48;2;149;40;1m▀[m[38;2;149;40;1m[48;2;77;20;0m▀[m[38;2;122;33;0m[48;2;0;0;0m▀[m[38;2;0;0;0m[48;2;0;0;0m▀[m[38;2;0;0;0m[48;2;13;13;13m▀[m[38;2;88;88;88m[48;2;24;24;24m▀[m[38;2;88;88;88m[48;2;24;24;24m▀[m[38;2;24;24;24m[48;2;0;0;0m▀[m[38;2;24;24;24m[48;2;0;0;0m▀[m[38;2;0;0;0m[48;2;19;19;19m▀[m[38;2;0;0;0m[48;2;188;144;55m▀[m[38;2;203;198;99m[48;2;250;235;114m▀[m[38;2;255;246;122m[48;2;255;246;122m▀[m[38;2;255;246;122m[48;2;255;246;122m▀[m[38;2;24;24;24m[48;2;0;0;0m▀[m[38;2;0;0;0m[48;2;0;0;0m▀[m[38;2;0;0;0m[48;2;0;0;0m▀[m[38;2;0;0;0m[48;2;0;0;0m▀[m[38;2;0;0;0m[48;2;0;0;0m▀[m[38;2;0;0;0m[48;2;0;0;0m▀[m[38;2;0;0;0m[48;2;0;0;0m▀[m[38;2;0;0;0m[48;2;0;0;0m▀[m
[38;2;0;0;0m[48;2;0;0;0m▀[m[38;2;0;0;0m[48;2;0;0;0m▀[m[38;2;0;0;0m[48;2;0;0;0m▀[m[38;2;0;0;0m[48;2;0;0;0m▀[m[38;2;0;0;0m[48;2;0;0;0m▀[m[38;2;0;0;0m[48;2;0;0;0m▀[m[38;2;0;0;0m[48;2;0;0;0m▀[m[38;2;0;0;0m[48;2;0;0;0m▀[m[38;2;0;0;0m[48;2;0;0;0m▀[m[38;2;0;0;0m[48;2;0;0;0m▀[m[38;2;0;0;0m[48;2;0;0;0m▀[m[38;2;13;13;13m[48;2;13;13;13m▀[m[38;2;16;37;130m[48;2;255;214;192m▀[m[38;2;255;214;192m[48;2;255;214;192m▀[m[38;2;255;214;192m[48;2;255;214;192m▀[m[38;2;255;214;192m[48;2;255;214;192m▀[m[38;2;236;170;147m[48;2;0;0;0m▀[m[38;2;228;152;129m[48;2;228;152;129m▀[m[38;2;19;19;19m[48;2;13;13;13m▀[m[38;2;238;69;30m[48;2;0;0;0m▀[m[38;2;19;0;0m[48;2;0;0;0m▀[m[38;2;0;0;0m[48;2;19;0;0m▀[m[38;2;0;0;0m[48;2;238;69;30m▀[m[38;2;19;0;0m[48;2;248;72;31m▀[m[38;2;19;0;0m[48;2;248;72;31m▀[m[38;2;27;0;0m[48;2;209;60;23m▀[m[38;2;27;0;0m[48;2;209;60;23m▀[m[38;2;248;72;31m[48;2;248;72;31m▀[m[38;2;248;72;31m[48;2;248;72;31m▀[m[38;2;248;72;31m[48;2;248;72;31m▀[m[38;2;248;72;31m[48;2;248;72;31m▀[m[38;2;0;0;0m[48;2;0;0;0m▀[m[38;2;255;246;122m[48;2;255;246;122m▀[m[38;2;255;246;122m[48;2;255;246;122m▀[m[38;2;255;246;122m[48;2;255;246;122m▀[m[38;2;216;157;44m[48;2;226;176;70m▀[m[38;2;224;173;104m[48;2;216;162;28m▀[m[38;2;24;24;24m[48;2;0;0;0m▀[m[38;2;0;0;0m[48;2;0;0;0m▀[m[38;2;0;0;0m[48;2;0;0;0m▀[m[38;2;0;0;0m[48;2;0;0;0m▀[m[38;2;0;0;0m[48;2;0;0;0m▀[m[38;2;0;0;0m[48;2;0;0;0m▀[m
[38;2;0;0;0m[48;2;0;0;0m▀[m[38;2;0;0;0m[48;2;0;0;0m▀[m[38;2;0;0;0m[48;2;0;0;0m▀[m[38;2;0;0;0m[48;2;0;0;0m▀[m[38;2;0;0;0m[48;2;0;0;0m▀[m[38;2;0;0;0m[48;2;0;0;0m▀[m[38;2;0;0;0m[48;2;0;0;0m▀[m[38;2;0;0;0m[48;2;0;0;0m▀[m[38;2;0;0;0m[48;2;0;0;0m▀[m[38;2;0;0;0m[48;2;0;0;0m▀[m[38;2;0;0;0m[48;2;0;0;0m▀[m[38;2;0;0;0m[48;2;0;0;0m▀[m[38;2;255;214;192m[48;2;255;214;192m▀[m[38;2;255;214;192m[48;2;255;214;192m▀[m[38;2;250;202;180m[48;2;228;152;129m▀[m[38;2;228;152;129m[48;2;228;152;129m▀[m[38;2;228;152;129m[48;2;50;13;0m▀[m[38;2;13;13;13m[48;2;13;13;13m▀[m[38;2;180;33;32m[48;2;248;72;31m▀[m[38;2;255;80;79m[48;2;248;72;31m▀[m[38;2;248;72;31m[48;2;248;72;31m▀[m[38;2;209;60;23m[48;2;183;51;16m▀[m[38;2;209;60;23m[48;2;183;51;16m▀[m[38;2;209;60;23m[48;2;0;0;0m▀[m[38;2;149;40;1m[48;2;0;0;0m▀[m[38;2;149;40;1m[48;2;238;69;30m▀[m[38;2;238;69;30m[48;2;238;69;30m▀[m[38;2;248;72;31m[48;2;209;60;23m▀[m[38;2;248;72;31m[48;2;183;51;16m▀[m[38;2;248;72;31m[48;2;183;51;16m▀[m[38;2;238;69;30m[48;2;183;51;16m▀[m[38;2;238;69;30m[48;2;183;51;16m▀[m[38;2;42;28;24m[48;2;33;32;13m▀[m[38;2;255;246;122m[48;2;255;246;122m▀[m[38;2;255;246;122m[48;2;255;246;122m▀[m[38;2;233;193;83m[48;2;227;187;59m▀[m[38;2;219;180;0m[48;2;216;162;28m▀[m[38;2;19;0;0m[48;2;0;0;0m▀[m[38;2;0;0;0m[48;2;0;0;0m▀[m[38;2;0;0;0m[48;2;0;0;0m▀[m[38;2;0;0;0m[48;2;0;0;0m▀[m[38;2;0;0;0m[48;2;0;0;0m▀[m[38;2;0;0;0m[48;2;0;0;0m▀[m
[38;2;0;0;0m[48;2;0;0;0m▀[m[38;2;0;0;0m[48;2;0;0;0m▀[m[38;2;0;0;0m[48;2;0;0;0m▀[m[38;2;0;0;0m[48;2;0;0;0m▀[m[38;2;0;0;0m[48;2;0;0;0m▀[m[38;2;0;0;0m[48;2;0;0;0m▀[m[38;2;0;0;0m[48;2;0;0;0m▀[m[38;2;0;0;0m[48;2;0;0;0m▀[m[38;2;0;0;0m[48;2;0;0;0m▀[m[38;2;0;0;0m[48;2;0;0;0m▀[m[38;2;0;0;0m[48;2;0;0;0m▀[m[38;2;19;19;19m[48;2;250;235;114m▀[m[38;2;13;13;13m[48;2;203;198;99m▀[m[38;2;228;152;129m[48;2;13;13;13m▀[m[38;2;228;152;129m[48;2;13;13;13m▀[m[38;2;228;152;129m[48;2;13;13;13m▀[m[38;2;13;13;13m[48;2;248;72;31m▀[m[38;2;248;72;31m[48;2;248;72;31m▀[m[38;2;248;72;31m[48;2;248;72;31m▀[m[38;2;248;72;31m[48;2;248;72;31m▀[m[38;2;248;72;31m[48;2;248;72;31m▀[m[38;2;0;0;0m[48;2;149;40;1m▀[m[38;2;94;19;0m[48;2;0;0;0m▀[m[38;2;0;0;0m[48;2;0;0;0m▀[m[38;2;149;40;1m[48;2;0;0;0m▀[m[38;2;183;51;16m[48;2;0;0;0m▀[m[38;2;0;0;0m[48;2;108;28;0m▀[m[38;2;0;0;0m[48;2;108;28;0m▀[m[38;2;0;0;0m[48;2;149;40;1m▀[m[38;2;149;40;1m[48;2;149;40;1m▀[m[38;2;149;40;1m[48;2;122;33;0m▀[m[38;2;149;40;1m[48;2;122;33;0m▀[m[38;2;13;13;13m[48;2;13;13;13m▀[m[38;2;250;235;114m[48;2;243;218;101m▀[m[38;2;255;246;122m[48;2;250;235;114m▀[m[38;2;243;218;101m[48;2;255;246;122m▀[m[38;2;243;218;101m[48;2;255;246;122m▀[m[38;2;243;218;101m[48;2;255;246;122m▀[m[38;2;0;0;0m[48;2;250;235;114m▀[m[38;2;0;0;0m[48;2;0;0;0m▀[m[38;2;0;0;0m[48;2;42;42;42m▀[m[38;2;0;0;0m[48;2;0;0;0m▀[m[38;2;0;0;0m[48;2;0;0;0m▀[m
[38;2;0;0;0m[48;2;0;0;0m▀[m[38;2;0;0;0m[48;2;0;0;0m▀[m[38;2;0;0;0m[48;2;0;0;0m▀[m[38;2;0;0;0m[48;2;0;0;0m▀[m[38;2;0;0;0m[48;2;0;0;0m▀[m[38;2;0;0;0m[48;2;0;0;0m▀[m[38;2;0;0;0m[48;2;0;0;0m▀[m[38;2;0;0;0m[48;2;0;0;0m▀[m[38;2;0;0;0m[48;2;0;0;0m▀[m[38;2;0;0;0m[48;2;0;0;0m▀[m[38;2;0;0;0m[48;2;24;24;24m▀[m[38;2;255;246;122m[48;2;255;246;122m▀[m[38;2;255;246;122m[48;2;255;246;122m▀[m[38;2;0;0;0m[48;2;226;176;70m▀[m[38;2;183;51;16m[48;2;0;0;0m▀[m[38;2;209;60;23m[48;2;209;60;23m▀[m[38;2;248;72;31m[48;2;238;69;30m▀[m[38;2;248;72;31m[48;2;209;60;23m▀[m[38;2;248;72;31m[48;2;209;60;23m▀[m[38;2;248;72;31m[48;2;238;69;30m▀[m[38;2;248;72;31m[48;2;248;72;31m▀[m[38;2;149;40;1m[48;2;149;40;1m▀[m[38;2;0;0;0m[48;2;0;0;0m▀[m[38;2;238;206;93m[48;2;243;218;101m▀[m[38;2;233;193;83m[48;2;238;206;93m▀[m[38;2;0;0;0m[48;2;203;161;0m▀[m[38;2;108;28;0m[48;2;0;0;0m▀[m[38;2;108;28;0m[48;2;0;0;0m▀[m[38;2;108;28;0m[48;2;0;0;0m▀[m[38;2;94;19;0m[48;2;0;0;0m▀[m[38;2;0;0;0m[48;2;169;169;169m▀[m[38;2;24;24;24m[48;2;30;30;30m▀[m[38;2;243;218;101m[48;2;243;218;101m▀[m[38;2;250;235;114m[48;2;250;235;114m▀[m[38;2;255;246;122m[48;2;255;246;122m▀[m[38;2;255;246;122m[48;2;255;246;122m▀[m[38;2;255;246;122m[48;2;255;246;122m▀[m[38;2;255;246;122m[48;2;255;246;122m▀[m[38;2;250;235;114m[48;2;250;235;114m▀[m[38;2;226;176;70m[48;2;226;176;70m▀[m[38;2;0;0;0m[48;2;0;0;0m▀[m[38;2;0;0;0m[48;2;0;0;0m▀[m[38;2;0;0;0m[48;2;0;0;0m▀[m
[38;2;0;0;0m[48;2;0;0;0m▀[m[38;2;0;0;0m[48;2;0;0;0m▀[m[38;2;0;0;0m[48;2;0;0;0m▀[m[38;2;0;0;0m[48;2;0;0;0m▀[m[38;2;0;0;0m[48;2;0;0;0m▀[m[38;2;0;0;0m[48;2;0;0;0m▀[m[38;2;0;0;0m[48;2;0;0;0m▀[m[38;2;0;0;0m[48;2;24;24;24m▀[m[38;2;24;24;24m[48;2;242;219;154m▀[m[38;2;242;219;154m[48;2;255;246;122m▀[m[38;2;255;246;122m[48;2;255;246;122m▀[m[38;2;255;246;122m[48;2;250;235;114m▀[m[38;2;255;246;122m[48;2;226;176;70m▀[m[38;2;243;218;101m[48;2;219;180;0m▀[m[38;2;216;157;44m[48;2;19;0;0m▀[m[38;2;0;0;0m[48;2;0;0;0m▀[m[38;2;183;51;16m[48;2;19;0;0m▀[m[38;2;0;0;0m[48;2;248;72;31m▀[m[38;2;209;60;23m[48;2;248;72;31m▀[m[38;2;248;72;31m[48;2;248;72;31m▀[m[38;2;248;72;31m[48;2;183;51;16m▀[m[38;2;0;0;0m[48;2;149;40;1m▀[m[38;2;0;0;0m[48;2;19;0;0m▀[m[38;2;217;175;0m[48;2;219;180;0m▀[m[38;2;219;180;0m[48;2;243;218;101m▀[m[38;2;219;180;0m[48;2;255;246;122m▀[m[38;2;150;116;41m[48;2;255;246;122m▀[m[38;2;19;0;0m[48;2;33;32;13m▀[m[38;2;169;169;169m[48;2;16;37;130m▀[m[38;2;169;169;169m[48;2;16;37;130m▀[m[38;2;169;169;169m[48;2;16;37;130m▀[m[38;2;37;37;37m[48;2;219;180;0m▀[m[38;2;250;235;114m[48;2;219;180;0m▀[m[38;2;238;206;93m[48;2;219;180;0m▀[m[38;2;233;193;83m[48;2;219;180;0m▀[m[38;2;255;246;122m[48;2;226;176;70m▀[m[38;2;255;246;122m[48;2;250;235;114m▀[m[38;2;255;246;122m[48;2;250;235;114m▀[m[38;2;233;193;83m[48;2;255;246;122m▀[m[38;2;216;162;28m[48;2;255;246;122m▀[m[38;2;216;162;28m[48;2;255;246;122m▀[m[38;2;0;0;0m[48;2;0;0;0m▀[m[38;2;0;0;0m[48;2;0;0;0m▀[m
[38;2;0;0;0m[48;2;0;0;0m▀[m[38;2;0;0;0m[48;2;0;0;0m▀[m[38;2;0;0;0m[48;2;0;0;0m▀[m[38;2;0;0;0m[48;2;0;0;0m▀[m[38;2;0;0;0m[48;2;0;0;0m▀[m[38;2;0;0;0m[48;2;0;0;0m▀[m[38;2;0;0;0m[48;2;0;0;0m▀[m[38;2;24;24;24m[48;2;24;24;24m▀[m[38;2;226;183;129m[48;2;230;196;154m▀[m[38;2;243;218;101m[48;2;227;187;59m▀[m[38;2;250;235;114m[48;2;233;193;83m▀[m[38;2;255;246;122m[48;2;255;246;122m▀[m[38;2;255;246;122m[48;2;255;246;122m▀[m[38;2;219;180;0m[48;2;250;235;114m▀[m[38;2;19;0;0m[48;2;0;0;0m▀[m[38;2;209;60;23m[48;2;183;51;16m▀[m[38;2;149;40;1m[48;2;122;33;0m▀[m[38;2;149;40;1m[48;2;122;33;0m▀[m[38;2;149;40;1m[48;2;149;40;1m▀[m[38;2;149;40;1m[48;2;149;40;1m▀[m[38;2;149;40;1m[48;2;149;40;1m▀[m[38;2;149;40;1m[48;2;149;40;1m▀[m[38;2;13;13;13m[48;2;19;0;0m▀[m[38;2;219;180;0m[48;2;219;180;0m▀[m[38;2;217;175;0m[48;2;219;180;0m▀[m[38;2;216;162;28m[48;2;219;180;0m▀[m[38;2;233;193;83m[48;2;219;180;0m▀[m[38;2;219;180;0m[48;2;219;180;0m▀[m[38;2;219;180;0m[48;2;219;180;0m▀[m[38;2;219;180;0m[48;2;216;162;28m▀[m[38;2;219;180;0m[48;2;216;162;28m▀[m[38;2;219;180;0m[48;2;216;162;28m▀[m[38;2;219;180;0m[48;2;233;193;83m▀[m[38;2;216;162;28m[48;2;238;206;93m▀[m[38;2;233;193;83m[48;2;243;218;101m▀[m[38;2;255;246;122m[48;2;255;246;122m▀[m[38;2;255;246;122m[48;2;255;246;122m▀[m[38;2;243;218;101m[48;2;227;187;59m▀[m[38;2;219;180;0m[48;2;219;180;0m▀[m[38;2;219;180;0m[48;2;219;180;0m▀[m[38;2;219;180;0m[48;2;219;180;0m▀[m[38;2;19;0;0m[48;2;19;0;0m▀[m[38;2;0;0;0m[48;2;0;0;0m▀[m
[38;2;0;0;0m[48;2;0;0;0m▀[m[38;2;0;0;0m[48;2;0;0;0m▀[m[38;2;0;0;0m[48;2;0;0;0m▀[m[38;2;0;0;0m[48;2;0;0;0m▀[m[38;2;0;0;0m[48;2;0;0;0m▀[m[38;2;0;0;0m[48;2;0;0;0m▀[m[38;2;0;0;0m[48;2;0;0;0m▀[m[38;2;0;0;0m[48;2;0;0;0m▀[m[38;2;24;24;24m[48;2;0;0;0m▀[m[38;2;224;173;104m[48;2;19;19;19m▀[m[38;2;233;193;83m[48;2;255;246;122m▀[m[38;2;255;246;122m[48;2;255;246;122m▀[m[38;2;255;246;122m[48;2;243;218;101m▀[m[38;2;216;157;44m[48;2;216;157;44m▀[m[38;2;217;175;0m[48;2;217;175;0m▀[m[38;2;0;0;0m[48;2;203;161;0m▀[m[38;2;19;0;0m[48;2;0;0;0m▀[m[38;2;0;0;0m[48;2;189;189;189m▀[m[38;2;122;33;0m[48;2;0;0;0m▀[m[38;2;149;40;1m[48;2;0;0;0m▀[m[38;2;149;40;1m[48;2;0;0;0m▀[m[38;2;19;0;0m[48;2;219;180;0m▀[m[38;2;219;180;0m[48;2;219;180;0m▀[m[38;2;219;180;0m[48;2;219;180;0m▀[m[38;2;219;180;0m[48;2;219;180;0m▀[m[38;2;219;180;0m[48;2;219;180;0m▀[m[38;2;219;180;0m[48;2;219;180;0m▀[m[38;2;227;187;59m[48;2;216;162;28m▀[m[38;2;227;187;59m[48;2;227;187;59m▀[m[38;2;219;180;0m[48;2;219;180;0m▀[m[38;2;219;180;0m[48;2;219;180;0m▀[m[38;2;255;246;122m[48;2;255;246;122m▀[m[38;2;255;246;122m[48;2;255;246;122m▀[m[38;2;255;246;122m[48;2;255;246;122m▀[m[38;2;255;246;122m[48;2;255;246;122m▀[m[38;2;255;246;122m[48;2;255;246;122m▀[m[38;2;250;235;114m[48;2;255;246;122m▀[m[38;2;227;187;59m[48;2;233;193;83m▀[m[38;2;219;180;0m[48;2;219;180;0m▀[m[38;2;219;180;0m[48;2;219;180;0m▀[m[38;2;219;180;0m[48;2;219;180;0m▀[m[38;2;19;0;0m[48;2;19;0;0m▀[m[38;2;0;0;0m[48;2;0;0;0m▀[m
[38;2;0;0;0m[48;2;0;0;0m▀[m[38;2;0;0;0m[48;2;0;0;0m▀[m[38;2;0;0;0m[48;2;0;0;0m▀[m[38;2;0;0;0m[48;2;0;0;0m▀[m[38;2;0;0;0m[48;2;0;0;0m▀[m[38;2;0;0;0m[48;2;0;0;0m▀[m[38;2;0;0;0m[48;2;0;0;0m▀[m[38;2;0;0;0m[48;2;0;0;0m▀[m[38;2;0;0;0m[48;2;0;0;0m▀[m[38;2;19;19;19m[48;2;19;19;19m▀[m[38;2;255;246;122m[48;2;250;235;114m▀[m[38;2;255;246;122m[48;2;250;235;114m▀[m[38;2;250;235;114m[48;2;227;187;59m▀[m[38;2;227;187;59m[48;2;217;175;0m▀[m[38;2;219;180;0m[48;2;216;157;44m▀[m[38;2;0;0;0m[48;2;0;0;0m▀[m[38;2;213;213;213m[48;2;0;5;73m▀[m[38;2;213;213;213m[48;2;0;5;73m▀[m[38;2;213;213;213m[48;2;0;5;73m▀[m[38;2;213;213;213m[48;2;0;5;73m▀[m[38;2;19;19;19m[48;2;0;0;0m▀[m[38;2;216;162;28m[48;2;255;246;122m▀[m[38;2;216;162;28m[48;2;255;246;122m▀[m[38;2;216;162;28m[48;2;255;246;122m▀[m[38;2;219;180;0m[48;2;255;246;122m▀[m[38;2;217;175;0m[48;2;250;235;114m▀[m[38;2;219;180;0m[48;2;233;193;83m▀[m[38;2;216;162;28m[48;2;216;157;44m▀[m[38;2;217;175;0m[48;2;243;218;101m▀[m[38;2;217;175;0m[48;2;250;235;114m▀[m[38;2;217;175;0m[48;2;250;235;114m▀[m[38;2;255;246;122m[48;2;250;235;114m▀[m[38;2;255;246;122m[48;2;233;193;83m▀[m[38;2;255;246;122m[48;2;227;187;59m▀[m[38;2;255;246;122m[48;2;217;175;0m▀[m[38;2;255;246;122m[48;2;216;162;28m▀[m[38;2;255;246;122m[48;2;216;157;44m▀[m[38;2;238;206;93m[48;2;238;206;93m▀[m[38;2;227;187;59m[48;2;255;246;122m▀[m[38;2;227;187;59m[48;2;255;246;122m▀[m[38;2;227;187;59m[48;2;255;246;122m▀[m[38;2;19;0;0m[48;2;19;0;0m▀[m[38;2;0;0;0m[48;2;0;0;0m▀[m
[38;2;0;0;0m[48;2;0;0;0m▀[m[38;2;0;0;0m[48;2;0;0;0m▀[m[38;2;0;0;0m[48;2;0;0;0m▀[m[38;2;0;0;0m[48;2;0;0;0m▀[m[38;2;0;0;0m[48;2;0;0;0m▀[m[38;2;0;0;0m[48;2;0;0;0m▀[m[38;2;0;0;0m[48;2;0;0;0m▀[m[38;2;0;0;0m[48;2;24;24;24m▀[m[38;2;19;19;19m[48;2;230;196;154m▀[m[38;2;224;173;104m[48;2;226;176;70m▀[m[38;2;243;218;101m[48;2;238;206;93m▀[m[38;2;233;193;83m[48;2;226;176;70m▀[m[38;2;217;175;0m[48;2;216;157;44m▀[m[38;2;227;187;59m[48;2;250;235;114m▀[m[38;2;238;206;93m[48;2;255;246;122m▀[m[38;2;203;198;99m[48;2;255;246;122m▀[m[38;2;203;198;99m[48;2;250;235;114m▀[m[38;2;178;119;48m[48;2;227;187;59m▀[m[38;2;130;87;55m[48;2;216;162;28m▀[m[38;2;0;5;73m[48;2;220;157;69m▀[m[38;2;0;0;0m[48;2;250;235;114m▀[m[38;2;255;246;122m[48;2;255;246;122m▀[m[38;2;255;246;122m[48;2;255;246;122m▀[m[38;2;255;246;122m[48;2;255;246;122m▀[m[38;2;255;246;122m[48;2;255;246;122m▀[m[38;2;255;246;122m[48;2;255;246;122m▀[m[38;2;255;246;122m[48;2;255;246;122m▀[m[38;2;243;218;101m[48;2;255;246;122m▀[m[38;2;250;235;114m[48;2;255;246;122m▀[m[38;2;255;246;122m[48;2;255;246;122m▀[m[38;2;255;246;122m[48;2;255;246;122m▀[m[38;2;238;206;93m[48;2;227;187;59m▀[m[38;2;216;162;28m[48;2;219;180;0m▀[m[38;2;217;175;0m[48;2;219;180;0m▀[m[38;2;219;180;0m[48;2;219;180;0m▀[m[38;2;216;162;28m[48;2;216;157;44m▀[m[38;2;216;157;44m[48;2;217;175;0m▀[m[38;2;238;206;93m[48;2;226;176;70m▀[m[38;2;255;246;122m[48;2;250;235;114m▀[m[38;2;255;246;122m[48;2;250;235;114m▀[m[38;2;255;246;122m[48;2;250;235;114m▀[m[38;2;19;0;0m[48;2;19;0;0m▀[m[38;2;0;0;0m[48;2;0;0;0m▀[m
[38;2;0;0;0m[48;2;0;0;0m▀[m[38;2;0;0;0m[48;2;0;0;0m▀[m[38;2;0;0;0m[48;2;0;0;0m▀[m[38;2;0;0;0m[48;2;0;0;0m▀[m[38;2;0;0;0m[48;2;0;0;0m▀[m[38;2;0;0;0m[48;2;0;0;0m▀[m[38;2;0;0;0m[48;2;0;0;0m▀[m[38;2;24;24;24m[48;2;19;19;19m▀[m[38;2;250;235;114m[48;2;255;246;122m▀[m[38;2;227;187;59m[48;2;255;246;122m▀[m[38;2;226;176;70m[48;2;255;246;122m▀[m[38;2;233;193;83m[48;2;255;246;122m▀[m[38;2;243;218;101m[48;2;255;246;122m▀[m[38;2;255;246;122m[48;2;255;246;122m▀[m[38;2;255;246;122m[48;2;255;246;122m▀[m[38;2;255;246;122m[48;2;250;235;114m▀[m[38;2;233;193;83m[48;2;216;162;28m▀[m[38;2;219;180;0m[48;2;216;162;28m▀[m[38;2;216;162;28m[48;2;243;218;101m▀[m[38;2;243;218;101m[48;2;255;246;122m▀[m[38;2;255;246;122m[48;2;255;246;122m▀[m[38;2;250;235;114m[48;2;219;180;0m▀[m[38;2;250;235;114m[48;2;219;180;0m▀[m[38;2;255;246;122m[48;2;219;180;0m▀[m[38;2;255;246;122m[48;2;219;180;0m▀[m[38;2;255;246;122m[48;2;219;180;0m▀[m[38;2;255;246;122m[48;2;219;180;0m▀[m[38;2;255;246;122m[48;2;219;180;0m▀[m[38;2;238;206;93m[48;2;238;206;93m▀[m[38;2;250;235;114m[48;2;255;246;122m▀[m[38;2;255;246;122m[48;2;255;246;122m▀[m[38;2;226;176;70m[48;2;219;180;0m▀[m[38;2;217;175;0m[48;2;219;180;0m▀[m[38;2;219;180;0m[48;2;219;180;0m▀[m[38;2;219;180;0m[48;2;219;180;0m▀[m[38;2;216;162;28m[48;2;219;180;0m▀[m[38;2;216;162;28m[48;2;219;180;0m▀[m[38;2;219;180;0m[48;2;219;180;0m▀[m[38;2;227;187;59m[48;2;219;180;0m▀[m[38;2;227;187;59m[48;2;219;180;0m▀[m[38;2;227;187;59m[48;2;219;180;0m▀[m[38;2;0;0;0m[48;2;24;24;24m▀[m[38;2;0;0;0m[48;2;0;0;0m▀[m
[38;2;0;0;0m[48;2;0;0;0m▀[m[38;2;0;0;0m[48;2;0;0;0m▀[m[38;2;0;0;0m[48;2;0;0;0m▀[m[38;2;0;0;0m[48;2;0;0;0m▀[m[38;2;0;0;0m[48;2;0;0;0m▀[m[38;2;0;0;0m[48;2;0;0;0m▀[m[38;2;0;0;0m[48;2;0;0;0m▀[m[38;2;19;19;19m[48;2;0;0;0m▀[m[38;2;255;246;122m[48;2;250;235;114m▀[m[38;2;255;246;122m[48;2;255;246;122m▀[m[38;2;255;246;122m[48;2;255;246;122m▀[m[38;2;255;246;122m[48;2;255;246;122m▀[m[38;2;255;246;122m[48;2;255;246;122m▀[m[38;2;255;246;122m[48;2;255;246;122m▀[m[38;2;255;246;122m[48;2;255;246;122m▀[m[38;2;255;246;122m[48;2;255;246;122m▀[m[38;2;238;206;93m[48;2;255;246;122m▀[m[38;2;216;157;44m[48;2;250;235;114m▀[m[38;2;238;206;93m[48;2;238;206;93m▀[m[38;2;255;246;122m[48;2;255;246;122m▀[m[38;2;255;246;122m[48;2;255;246;122m▀[m[38;2;219;180;0m[48;2;219;180;0m▀[m[38;2;219;180;0m[48;2;219;180;0m▀[m[38;2;219;180;0m[48;2;219;180;0m▀[m[38;2;219;180;0m[48;2;219;180;0m▀[m[38;2;219;180;0m[48;2;219;180;0m▀[m[38;2;219;180;0m[48;2;219;180;0m▀[m[38;2;219;180;0m[48;2;219;180;0m▀[m[38;2;227;187;59m[48;2;216;162;28m▀[m[38;2;255;246;122m[48;2;243;218;101m▀[m[38;2;255;246;122m[48;2;243;218;101m▀[m[38;2;219;180;0m[48;2;219;180;0m▀[m[38;2;219;180;0m[48;2;219;180;0m▀[m[38;2;219;180;0m[48;2;219;180;0m▀[m[38;2;219;180;0m[48;2;219;180;0m▀[m[38;2;219;180;0m[48;2;219;180;0m▀[m[38;2;219;180;0m[48;2;219;180;0m▀[m[38;2;219;180;0m[48;2;219;180;0m▀[m[38;2;217;175;0m[48;2;203;161;0m▀[m[38;2;219;180;0m[48;2;203;161;0m▀[m[38;2;217;175;0m[48;2;24;24;24m▀[m[38;2;0;0;0m[48;2;0;0;0m▀[m[38;2;0;0;0m[48;2;0;0;0m▀[m
[38;2;0;0;0m[48;2;0;0;0m▀[m[38;2;0;0;0m[48;2;0;0;0m▀[m[38;2;0;0;0m[48;2;0;0;0m▀[m[38;2;0;0;0m[48;2;0;0;0m▀[m[38;2;0;0;0m[48;2;0;0;0m▀[m[38;2;0;0;0m[48;2;0;0;0m▀[m[38;2;0;0;0m[48;2;0;0;0m▀[m[38;2;0;0;0m[48;2;0;0;0m▀[m[38;2;0;0;0m[48;2;0;0;0m▀[m[38;2;243;218;101m[48;2;0;0;0m▀[m[38;2;250;235;114m[48;2;243;218;101m▀[m[38;2;255;246;122m[48;2;250;235;114m▀[m[38;2;255;246;122m[48;2;255;246;122m▀[m[38;2;255;246;122m[48;2;255;246;122m▀[m[38;2;255;246;122m[48;2;255;246;122m▀[m[38;2;255;246;122m[48;2;255;246;122m▀[m[38;2;255;246;122m[48;2;255;246;122m▀[m[38;2;255;246;122m[48;2;255;246;122m▀[m[38;2;255;246;122m[48;2;255;246;122m▀[m[38;2;255;246;122m[48;2;255;246;122m▀[m[38;2;255;246;122m[48;2;255;246;122m▀[m[38;2;219;180;0m[48;2;219;180;0m▀[m[38;2;219;180;0m[48;2;219;180;0m▀[m[38;2;219;180;0m[48;2;219;180;0m▀[m[38;2;219;180;0m[48;2;219;180;0m▀[m[38;2;219;180;0m[48;2;219;180;0m▀[m[38;2;219;180;0m[48;2;219;180;0m▀[m[38;2;219;180;0m[48;2;219;180;0m▀[m[38;2;219;180;0m[48;2;219;180;0m▀[m[38;2;219;180;0m[48;2;219;180;0m▀[m[38;2;219;180;0m[48;2;219;180;0m▀[m[38;2;219;180;0m[48;2;219;180;0m▀[m[38;2;219;180;0m[48;2;217;175;0m▀[m[38;2;219;180;0m[48;2;219;180;0m▀[m[38;2;219;180;0m[48;2;219;180;0m▀[m[38;2;187;140;0m[48;2;187;140;0m▀[m[38;2;203;161;0m[48;2;203;161;0m▀[m[38;2;219;180;0m[48;2;219;180;0m▀[m[38;2;187;140;0m[48;2;180;131;0m▀[m[38;2;0;0;0m[48;2;0;0;0m▀[m[38;2;0;0;0m[48;2;0;0;0m▀[m[38;2;0;0;0m[48;2;0;0;0m▀[m[38;2;0;0;0m[48;2;0;0;0m▀[m
[38;2;0;0;0m[48;2;0;0;0m▀[m[38;2;0;0;0m[48;2;0;0;0m▀[m[38;2;0;0;0m[48;2;0;0;0m▀[m[38;2;0;0;0m[48;2;0;0;0m▀[m[38;2;0;0;0m[48;2;0;0;0m▀[m[38;2;0;0;0m[48;2;0;0;0m▀[m[38;2;0;0;0m[48;2;0;0;0m▀[m[38;2;0;0;0m[48;2;0;0;0m▀[m[38;2;0;0;0m[48;2;0;0;0m▀[m[38;2;0;0;0m[48;2;0;0;0m▀[m[38;2;0;0;0m[48;2;0;0;0m▀[m[38;2;227;187;59m[48;2;0;0;0m▀[m[38;2;238;206;93m[48;2;219;180;0m▀[m[38;2;238;206;93m[48;2;219;180;0m▀[m[38;2;233;193;83m[48;2;219;180;0m▀[m[38;2;233;193;83m[48;2;219;180;0m▀[m[38;2;227;187;59m[48;2;219;180;0m▀[m[38;2;227;187;59m[48;2;219;180;0m▀[m[38;2;227;187;59m[48;2;219;180;0m▀[m[38;2;233;193;83m[48;2;219;180;0m▀[m[38;2;233;193;83m[48;2;219;180;0m▀[m[38;2;219;180;0m[48;2;219;180;0m▀[m[38;2;219;180;0m[48;2;219;180;0m▀[m[38;2;219;180;0m[48;2;219;180;0m▀[m[38;2;219;180;0m[48;2;219;180;0m▀[m[38;2;219;180;0m[48;2;219;180;0m▀[m[38;2;219;180;0m[48;2;219;180;0m▀[m[38;2;219;180;0m[48;2;219;180;0m▀[m[38;2;219;180;0m[48;2;219;180;0m▀[m[38;2;219;180;0m[48;2;219;180;0m▀[m[38;2;219;180;0m[48;2;219;180;0m▀[m[38;2;203;161;0m[48;2;217;175;0m▀[m[38;2;219;180;0m[48;2;219;180;0m▀[m[38;2;219;180;0m[48;2;217;175;0m▀[m[38;2;219;180;0m[48;2;203;161;0m▀[m[38;2;180;131;0m[48;2;0;0;0m▀[m[38;2;216;162;28m[48;2;0;0;0m▀[m[38;2;187;140;0m[48;2;0;0;0m▀[m[38;2;0;0;0m[48;2;0;0;0m▀[m[38;2;0;0;0m[48;2;0;0;0m▀[m[38;2;0;0;0m[48;2;0;0;0m▀[m[38;2;0;0;0m[48;2;0;0;0m▀[m[38;2;0;0;0m[48;2;0;0;0m▀[m
[38;2;0;0;0m[48;2;0;0;0m▀[m[38;2;0;0;0m[48;2;0;0;0m▀[m[38;2;0;0;0m[48;2;0;0;0m▀[m[38;2;0;0;0m[48;2;0;0;0m▀[m[38;2;0;0;0m[48;2;0;0;0m▀[m[38;2;0;0;0m[48;2;0;0;0m▀[m[38;2;0;0;0m[48;2;0;0;0m▀[m[38;2;0;0;0m[48;2;0;0;0m▀[m[38;2;0;0;0m[48;2;0;0;0m▀[m[38;2;0;0;0m[48;2;0;0;0m▀[m[38;2;0;0;0m[48;2;0;0;0m▀[m[38;2;0;0;0m[48;2;0;0;0m▀[m[38;2;0;0;0m[48;2;0;0;0m▀[m[38;2;219;180;0m[48;2;0;0;0m▀[m[38;2;219;180;0m[48;2;19;0;0m▀[m[38;2;219;180;0m[48;2;19;0;0m▀[m[38;2;219;180;0m[48;2;19;0;0m▀[m[38;2;219;180;0m[48;2;19;0;0m▀[m[38;2;219;180;0m[48;2;19;0;0m▀[m[38;2;219;180;0m[48;2;19;0;0m▀[m[38;2;219;180;0m[48;2;19;0;0m▀[m[38;2;217;175;0m[48;2;19;0;0m▀[m[38;2;219;180;0m[48;2;19;0;0m▀[m[38;2;219;180;0m[48;2;19;0;0m▀[m[38;2;219;180;0m[48;2;19;0;0m▀[m[38;2;219;180;0m[48;2;19;0;0m▀[m[38;2;219;180;0m[48;2;19;0;0m▀[m[38;2;219;180;0m[48;2;19;0;0m▀[m[38;2;219;180;0m[48;2;19;0;0m▀[m[38;2;219;180;0m[48;2;19;0;0m▀[m[38;2;219;180;0m[48;2;19;0;0m▀[m[38;2;216;162;28m[48;2;19;0;0m▀[m[38;2;203;161;0m[48;2;19;0;0m▀[m[38;2;187;140;0m[48;2;19;0;0m▀[m[38;2;187;140;0m[48;2;0;0;0m▀[m[38;2;0;0;0m[48;2;0;0;0m▀[m[38;2;0;0;0m[48;2;0;0;0m▀[m[38;2;0;0;0m[48;2;0;0;0m▀[m[38;2;0;0;0m[48;2;0;0;0m▀[m[38;2;0;0;0m[48;2;0;0;0m▀[m[38;2;0;0;0m[48;2;0;0;0m▀[m[38;2;0;0;0m[48;2;0;0;0m▀[m[38;2;0;0;0m[48;2;0;0;0m▀[m
