[38;2;20;20;20m[48;2;20;20;20m▀[m[38;2;20;20;20m[48;2;20;20;20m▀[m[38;2;20;20;20m[48;2;20;20;20m▀[m[38;2;20;20;20m[48;2;20;20;20m▀[m[38;2;20;20;20m[48;2;20;20;20m▀[m[38;2;20;20;20m[48;2;20;20;20m▀[m[38;2;20;20;20m[48;2;20;20;20m▀[m[38;2;20;20;20m[48;2;20;20;20m▀[m[38;2;20;20;20m[48;2;20;20;20m▀[m[38;2;20;20;20m[48;2;20;20;20m▀[m[38;2;20;20;20m[48;2;20;20;20m▀[m[38;2;20;20;20m[48;2;20;20;20m▀[m[38;2;20;20;20m[48;2;20;20;20m▀[m[38;2;20;20;20m[48;2;20;20;20m▀[m[38;2;20;20;20m[48;2;20;20;20m▀[m[38;2;20;20;20m[48;2;20;20;20m▀[m[38;2;20;20;20m[48;2;20;20;20m▀[m[38;2;20;20;20m[48;2;20;20;20m▀[m[38;2;20;20;20m[48;2;20;20;20m▀[m[38;2;20;20;20m[48;2;20;20;20m▀[m[38;2;20;20;20m[48;2;20;20;20m▀[m[38;2;20;20;20m[48;2;20;20;20m▀[m[38;2;20;20;20m[48;2;20;20;20m▀[m[38;2;20;20;20m[48;2;20;20;20m▀[m[38;2;20;20;20m[48;2;20;20;20m▀[m[38;2;49;50;55m[48;2;50;53;61m▀[m[38;2;2;3;8m[48;2;0;1;1m▀[m[38;2;2;2;2m[48;2;3;3;3m▀[m[38;2;2;2;2m[48;2;0;0;0m▀[m[38;2;2;2;2m[48;2;0;0;0m▀[m[38;2;20;20;20m[48;2;20;20;20m▀[m[38;2;20;20;20m[48;2;20;20;20m▀[m[38;2;20;20;20m[48;2;20;20;20m▀[m[38;2;20;20;20m[48;2;20;20;20m▀[m[38;2;20;20;20m[48;2;20;20;20m▀[m[38;2;20;20;20m[48;2;20;20;20m▀[m[38;2;20;20;20m[48;2;20;20;20m▀[m[38;2;20;20;20m[48;2;20;20;20m▀[m[38;2;20;20;20m[48;2;20;20;20m▀[m[38;2;20;20;20m[48;2;20;20;20m▀[m
[38;2;20;20;20m[48;2;20;20;20m▀[m[38;2;20;20;20m[48;2;20;20;20m▀[m[38;2;20;20;20m[48;2;20;20;20m▀[m[38;2;20;20;20m[48;2;20;20;20m▀[m[38;2;20;20;20m[48;2;20;20;20m▀[m[38;2;20;20;20m[48;2;20;20;20m▀[m[38;2;20;20;20m[48;2;20;20;20m▀[m[38;2;20;20;20m[48;2;20;20;20m▀[m[38;2;20;20;20m[48;2;20;20;20m▀[m[38;2;20;20;20m[48;2;20;20;20m▀[m[38;2;20;20;20m[48;2;20;20;20m▀[m[38;2;20;20;20m[48;2;20;20;20m▀[m[38;2;20;20;20m[48;2;20;20;20m▀[m[38;2;20;20;20m[48;2;20;20;20m▀[m[38;2;20;20;20m[48;2;20;20;20m▀[m[38;2;20;20;20m[48;2;20;20;20m▀[m[38;2;20;20;20m[48;2;20;20;20m▀[m[38;2;20;20;20m[48;2;20;20;20m▀[m[38;2;20;20;20m[48;2;20;20;20m▀[m[38;2;20;20;20m[48;2;20;20;20m▀[m[38;2;20;20;20m[48;2;20;20;20m▀[m[38;2;20;20;20m[48;2;2;0;0m▀[m[38;2;0;0;0m[48;2;46;49;57m▀[m[38;2;0;0;4m[48;2;47;50;56m▀[m[38;2;46;49;63m[48;2;1;0;0m▀[m[38;2;0;0;0m[48;2;0;0;0m▀[m[38;2;1;0;1m[48;2;20;20;20m▀[m[38;2;6;6;6m[48;2;20;20;20m▀[m[38;2;20;20;20m[48;2;20;20;20m▀[m[38;2;20;20;20m[48;2;20;20;20m▀[m[38;2;20;20;20m[48;2;20;20;20m▀[m[38;2;20;20;20m[48;2;20;20;20m▀[m[38;2;20;20;20m[48;2;20;20;20m▀[m[38;2;20;20;20m[48;2;20;20;20m▀[m[38;2;20;20;20m[48;2;20;20;20m▀[m[38;2;20;20;20m[48;2;20;20;20m▀[m[38;2;20;20;20m[48;2;20;20;20m▀[m[38;2;20;20;20m[48;2;20;20;20m▀[m[38;2;20;20;20m[48;2;20;20;20m▀[m[38;2;20;20;20m[48;2;20;20;20m▀[m
[38;2;20;20;20m[48;2;20;20;20m▀[m[38;2;20;20;20m[48;2;20;20;20m▀[m[38;2;20;20;20m[48;2;20;20;20m▀[m[38;2;20;20;20m[48;2;20;20;20m▀[m[38;2;20;20;20m[48;2;20;20;20m▀[m[38;2;20;20;20m[48;2;20;20;20m▀[m[38;2;20;20;20m[48;2;20;20;20m▀[m[38;2;20;20;20m[48;2;20;20;20m▀[m[38;2;20;20;20m[48;2;20;20;20m▀[m[38;2;20;20;20m[48;2;20;20;20m▀[m[38;2;20;20;20m[48;2;20;20;20m▀[m[38;2;20;20;20m[48;2;20;20;20m▀[m[38;2;20;20;20m[48;2;20;20;20m▀[m[38;2;20;20;20m[48;2;20;20;20m▀[m[38;2;20;20;20m[48;2;20;20;20m▀[m[38;2;20;20;20m[48;2;20;20;20m▀[m[38;2;20;20;20m[48;2;20;20;20m▀[m[38;2;20;20;20m[48;2;20;20;20m▀[m[38;2;20;20;20m[48;2;19;19;19m▀[m[38;2;20;20;20m[48;2;19;19;19m▀[m[38;2;2;2;2m[48;2;2;2;7m▀[m[38;2;47;53;57m[48;2;42;50;61m▀[m[38;2;0;0;4m[48;2;1;0;3m▀[m[38;2;0;0;2m[48;2;0;0;0m▀[m[38;2;0;0;0m[48;2;0;0;0m▀[m[38;2;0;0;0m[48;2;2;2;2m▀[m[38;2;20;20;20m[48;2;20;20;20m▀[m[38;2;20;20;20m[48;2;64;64;63m▀[m[38;2;20;20;20m[48;2;19;19;19m▀[m[38;2;20;20;20m[48;2;19;19;19m▀[m[38;2;20;20;20m[48;2;19;19;19m▀[m[38;2;20;20;20m[48;2;19;19;19m▀[m[38;2;20;20;20m[48;2;19;19;19m▀[m[38;2;20;20;20m[48;2;19;19;19m▀[m[38;2;20;20;20m[48;2;19;19;19m▀[m[38;2;20;20;20m[48;2;20;20;20m▀[m[38;2;20;20;20m[48;2;20;20;20m▀[m[38;2;20;20;20m[48;2;20;20;20m▀[m[38;2;20;20;20m[48;2;20;20;20m▀[m[38;2;20;20;20m[48;2;20;20;20m▀[m
[38;2;20;20;20m[48;2;20;20;20m▀[m[38;2;20;20;20m[48;2;20;20;20m▀[m[38;2;20;20;20m[48;2;20;20;20m▀[m[38;2;20;20;20m[48;2;20;20;20m▀[m[38;2;20;20;20m[48;2;20;20;20m▀[m[38;2;20;20;20m[48;2;20;20;20m▀[m[38;2;20;20;20m[48;2;20;20;20m▀[m[38;2;20;20;20m[48;2;20;20;20m▀[m[38;2;20;20;20m[48;2;20;20;20m▀[m[38;2;20;20;20m[48;2;20;20;20m▀[m[38;2;20;20;20m[48;2;20;20;20m▀[m[38;2;20;20;20m[48;2;20;20;20m▀[m[38;2;20;20;20m[48;2;20;20;20m▀[m[38;2;20;20;20m[48;2;20;20;20m▀[m[38;2;20;20;20m[48;2;20;20;20m▀[m[38;2;20;20;20m[48;2;20;20;20m▀[m[38;2;20;20;20m[48;2;20;20;20m▀[m[38;2;20;20;20m[48;2;20;20;20m▀[m[38;2;10;10;11m[48;2;10;10;10m▀[m[38;2;0;1;1m[48;2;0;0;4m▀[m[38;2;45;48;62m[48;2;43;50;60m▀[m[38;2;42;46;56m[48;2;1;0;2m▀[m[38;2;3;3;7m[48;2;0;0;2m▀[m[38;2;0;0;0m[48;2;0;0;0m▀[m[38;2;0;0;0m[48;2;0;0;0m▀[m[38;2;20;20;20m[48;2;20;20;20m▀[m[38;2;20;20;20m[48;2;0;2;2m▀[m[38;2;15;15;15m[48;2;13;12;17m▀[m[38;2;0;0;4m[48;2;44;50;64m▀[m[38;2;0;0;2m[48;2;46;50;62m▀[m[38;2;0;0;2m[48;2;44;51;61m▀[m[38;2;0;0;3m[48;2;44;50;62m▀[m[38;2;0;0;3m[48;2;44;50;62m▀[m[38;2;0;0;3m[48;2;44;50;62m▀[m[38;2;0;0;2m[48;2;44;50;62m▀[m[38;2;20;20;20m[48;2;0;0;4m▀[m[38;2;20;20;20m[48;2;0;0;0m▀[m[38;2;20;20;20m[48;2;20;20;20m▀[m[38;2;20;20;20m[48;2;20;20;20m▀[m[38;2;20;20;20m[48;2;20;20;20m▀[m
[38;2;20;20;20m[48;2;20;20;20m▀[m[38;2;20;20;20m[48;2;20;20;20m▀[m[38;2;20;20;20m[48;2;20;20;20m▀[m[38;2;20;20;20m[48;2;20;20;20m▀[m[38;2;20;20;20m[48;2;20;20;20m▀[m[38;2;20;20;20m[48;2;20;20;20m▀[m[38;2;20;20;20m[48;2;20;20;20m▀[m[38;2;20;20;20m[48;2;20;20;20m▀[m[38;2;20;20;20m[48;2;20;20;20m▀[m[38;2;20;20;20m[48;2;20;20;20m▀[m[38;2;20;20;20m[48;2;20;20;20m▀[m[38;2;20;20;20m[48;2;20;20;20m▀[m[38;2;20;20;20m[48;2;20;20;20m▀[m[38;2;20;20;20m[48;2;20;20;20m▀[m[38;2;20;20;20m[48;2;20;20;20m▀[m[38;2;20;20;20m[48;2;20;20;20m▀[m[38;2;20;20;20m[48;2;20;20;20m▀[m[38;2;0;0;0m[48;2;0;0;0m▀[m[38;2;24;25;28m[48;2;23;25;30m▀[m[38;2;47;49;59m[48;2;46;50;61m▀[m[38;2;46;50;62m[48;2;46;50;61m▀[m[38;2;1;0;2m[48;2;1;0;2m▀[m[38;2;0;0;2m[48;2;0;0;2m▀[m[38;2;0;0;0m[48;2;0;0;0m▀[m[38;2;0;0;0m[48;2;0;0;0m▀[m[38;2;47;49;59m[48;2;46;50;61m▀[m[38;2;45;50;61m[48;2;44;50;63m▀[m[38;2;46;50;59m[48;2;34;36;47m▀[m[38;2;46;50;62m[48;2;0;0;5m▀[m[38;2;46;50;61m[48;2;0;0;5m▀[m[38;2;0;0;4m[48;2;2;2;4m▀[m[38;2;0;0;2m[48;2;0;1;0m▀[m[38;2;0;0;3m[48;2;0;1;5m▀[m[38;2;0;0;0m[48;2;50;51;57m▀[m[38;2;0;0;0m[48;2;50;51;56m▀[m[38;2;47;50;59m[48;2;5;5;9m▀[m[38;2;46;49;56m[48;2;8;9;14m▀[m[38;2;0;0;0m[48;2;45;46;51m▀[m[38;2;20;20;20m[48;2;0;1;3m▀[m[38;2;20;20;20m[48;2;20;20;20m▀[m
[38;2;20;20;20m[48;2;20;20;20m▀[m[38;2;20;20;20m[48;2;20;20;20m▀[m[38;2;20;20;20m[48;2;20;20;20m▀[m[38;2;20;20;20m[48;2;20;20;20m▀[m[38;2;20;20;20m[48;2;20;20;20m▀[m[38;2;20;20;20m[48;2;20;20;20m▀[m[38;2;20;20;20m[48;2;20;20;20m▀[m[38;2;20;20;20m[48;2;20;20;20m▀[m[38;2;20;20;20m[48;2;20;20;20m▀[m[38;2;20;20;20m[48;2;20;20;20m▀[m[38;2;20;20;20m[48;2;20;20;20m▀[m[38;2;20;20;20m[48;2;20;20;20m▀[m[38;2;20;20;20m[48;2;20;20;20m▀[m[38;2;20;20;20m[48;2;20;20;20m▀[m[38;2;20;20;20m[48;2;20;20;20m▀[m[38;2;20;20;20m[48;2;20;20;20m▀[m[38;2;20;20;20m[48;2;20;20;20m▀[m[38;2;0;0;0m[48;2;0;0;0m▀[m[38;2;23;25;30m[48;2;22;25;31m▀[m[38;2;46;50;61m[48;2;43;50;61m▀[m[38;2;46;50;61m[48;2;45;50;61m▀[m[38;2;1;0;2m[48;2;0;0;4m▀[m[38;2;0;0;2m[48;2;0;0;0m▀[m[38;2;0;0;0m[48;2;0;0;0m▀[m[38;2;0;0;0m[48;2;0;0;0m▀[m[38;2;44;51;60m[48;2;50;52;66m▀[m[38;2;52;54;61m[48;2;0;1;1m▀[m[38;2;34;36;41m[48;2;0;0;0m▀[m[38;2;0;1;0m[48;2;0;0;0m▀[m[38;2;0;0;2m[48;2;0;0;0m▀[m[38;2;0;0;0m[48;2;6;4;7m▀[m[38;2;0;0;4m[48;2;48;49;56m▀[m[38;2;0;0;5m[48;2;50;49;57m▀[m[38;2;46;49;58m[48;2;0;0;0m▀[m[38;2;46;49;58m[48;2;0;0;0m▀[m[38;2;0;0;1m[48;2;20;20;20m▀[m[38;2;0;1;5m[48;2;20;20;20m▀[m[38;2;43;47;56m[48;2;20;20;20m▀[m[38;2;0;0;0m[48;2;20;20;20m▀[m[38;2;20;20;20m[48;2;20;20;20m▀[m
[38;2;20;20;20m[48;2;20;20;20m▀[m[38;2;20;20;20m[48;2;20;20;20m▀[m[38;2;20;20;20m[48;2;20;20;20m▀[m[38;2;20;20;20m[48;2;20;20;20m▀[m[38;2;20;20;20m[48;2;0;0;0m▀[m[38;2;20;20;20m[48;2;0;0;0m▀[m[38;2;20;20;20m[48;2;0;0;0m▀[m[38;2;20;20;20m[48;2;20;20;20m▀[m[38;2;20;20;20m[48;2;20;20;20m▀[m[38;2;20;20;20m[48;2;20;20;20m▀[m[38;2;20;20;20m[48;2;20;20;20m▀[m[38;2;20;20;20m[48;2;20;20;20m▀[m[38;2;20;20;20m[48;2;20;20;20m▀[m[38;2;20;20;20m[48;2;0;0;0m▀[m[38;2;20;20;20m[48;2;0;0;0m▀[m[38;2;0;0;0m[48;2;0;0;0m▀[m[38;2;0;0;0m[48;2;0;0;0m▀[m[38;2;0;0;0m[48;2;0;0;0m▀[m[38;2;0;0;0m[48;2;0;0;0m▀[m[38;2;1;0;0m[48;2;0;0;0m▀[m[38;2;1;0;0m[48;2;0;0;0m▀[m[38;2;0;0;0m[48;2;0;0;0m▀[m[38;2;0;0;2m[48;2;0;0;2m▀[m[38;2;0;0;0m[48;2;0;0;0m▀[m[38;2;0;0;0m[48;2;0;0;0m▀[m[38;2;0;0;2m[48;2;0;0;2m▀[m[38;2;0;0;0m[48;2;0;0;0m▀[m[38;2;0;0;0m[48;2;0;0;0m▀[m[38;2;0;0;0m[48;2;1;0;0m▀[m[38;2;0;0;0m[48;2;0;0;0m▀[m[38;2;45;50;58m[48;2;0;0;0m▀[m[38;2;1;0;6m[48;2;20;20;20m▀[m[38;2;0;1;3m[48;2;20;20;20m▀[m[38;2;20;20;20m[48;2;20;20;20m▀[m[38;2;20;20;20m[48;2;20;20;20m▀[m[38;2;20;20;20m[48;2;20;20;20m▀[m[38;2;20;20;20m[48;2;20;20;20m▀[m[38;2;20;20;20m[48;2;20;20;20m▀[m[38;2;20;20;20m[48;2;20;20;20m▀[m[38;2;20;20;20m[48;2;20;20;20m▀[m
[38;2;20;20;20m[48;2;20;20;20m▀[m[38;2;20;20;20m[48;2;20;20;20m▀[m[38;2;20;20;20m[48;2;20;20;20m▀[m[38;2;20;20;20m[48;2;20;20;20m▀[m[38;2;6;6;6m[48;2;20;20;20m▀[m[38;2;15;15;15m[48;2;20;20;20m▀[m[38;2;3;3;3m[48;2;0;0;0m▀[m[38;2;13;13;13m[48;2;0;0;0m▀[m[38;2;13;13;13m[48;2;0;0;0m▀[m[38;2;24;24;24m[48;2;40;39;47m▀[m[38;2;28;29;30m[48;2;52;51;61m▀[m[38;2;20;20;20m[48;2;20;20;20m▀[m[38;2;20;20;20m[48;2;20;20;20m▀[m[38;2;0;0;0m[48;2;0;0;0m▀[m[38;2;0;0;0m[48;2;0;0;0m▀[m[38;2;0;0;0m[48;2;0;0;2m▀[m[38;2;0;0;0m[48;2;0;0;2m▀[m[38;2;0;0;0m[48;2;1;0;2m▀[m[38;2;0;0;0m[48;2;0;0;1m▀[m[38;2;0;0;0m[48;2;0;0;0m▀[m[38;2;0;0;0m[48;2;0;0;0m▀[m[38;2;0;0;2m[48;2;0;3;0m▀[m[38;2;17;17;22m[48;2;47;47;52m▀[m[38;2;17;17;22m[48;2;47;49;60m▀[m[38;2;17;16;22m[48;2;47;49;60m▀[m[38;2;1;1;4m[48;2;0;1;6m▀[m[38;2;0;0;0m[48;2;2;1;0m▀[m[38;2;7;7;10m[48;2;11;12;17m▀[m[38;2;15;18;24m[48;2;47;49;61m▀[m[38;2;16;17;21m[48;2;46;50;59m▀[m[38;2;16;17;22m[48;2;48;55;65m▀[m[38;2;136;137;142m[48;2;44;50;60m▀[m[38;2;29;30;32m[48;2;44;50;61m▀[m[38;2;29;30;32m[48;2;48;49;57m▀[m[38;2;13;13;14m[48;2;1;0;4m▀[m[38;2;20;20;20m[48;2;20;20;20m▀[m[38;2;20;20;20m[48;2;20;20;20m▀[m[38;2;20;20;20m[48;2;20;20;20m▀[m[38;2;20;20;20m[48;2;20;20;20m▀[m[38;2;20;20;20m[48;2;20;20;20m▀[m
[38;2;20;20;20m[48;2;20;20;20m▀[m[38;2;20;20;20m[48;2;20;20;20m▀[m[38;2;20;20;20m[48;2;20;20;20m▀[m[38;2;20;20;20m[48;2;20;20;20m▀[m[38;2;20;20;20m[48;2;20;20;20m▀[m[38;2;20;20;20m[48;2;20;20;20m▀[m[38;2;20;20;20m[48;2;20;20;20m▀[m[38;2;3;3;3m[48;2;20;20;20m▀[m[38;2;0;0;0m[48;2;1;0;0m▀[m[38;2;0;0;2m[48;2;0;0;0m▀[m[38;2;5;6;4m[48;2;0;0;2m▀[m[38;2;41;44;60m[48;2;0;0;0m▀[m[38;2;0;0;0m[48;2;44;50;60m▀[m[38;2;0;0;0m[48;2;0;0;4m▀[m[38;2;3;3;1m[48;2;0;0;3m▀[m[38;2;2;3;8m[48;2;44;50;61m▀[m[38;2;45;49;63m[48;2;43;49;61m▀[m[38;2;42;48;59m[48;2;0;0;2m▀[m[38;2;23;25;29m[48;2;0;0;1m▀[m[38;2;0;0;0m[48;2;0;0;0m▀[m[38;2;0;0;0m[48;2;0;0;0m▀[m[38;2;47;51;62m[48;2;43;52;64m▀[m[38;2;0;0;6m[48;2;2;0;1m▀[m[38;2;0;1;0m[48;2;0;0;0m▀[m[38;2;0;1;0m[48;2;0;0;0m▀[m[38;2;41;48;56m[48;2;0;0;1m▀[m[38;2;0;0;5m[48;2;48;48;58m▀[m[38;2;1;2;1m[48;2;36;36;40m▀[m[38;2;0;0;2m[48;2;0;0;0m▀[m[38;2;46;50;59m[48;2;0;1;1m▀[m[38;2;8;6;9m[48;2;46;50;60m▀[m[38;2;6;4;5m[48;2;0;1;5m▀[m[38;2;1;0;4m[48;2;0;0;2m▀[m[38;2;46;50;60m[48;2;0;0;0m▀[m[38;2;44;51;61m[48;2;0;0;0m▀[m[38;2;42;52;61m[48;2;1;0;0m▀[m[38;2;46;47;52m[48;2;1;1;9m▀[m[38;2;3;3;5m[48;2;48;48;58m▀[m[38;2;20;20;20m[48;2;2;0;1m▀[m[38;2;20;20;20m[48;2;20;20;20m▀[m
[38;2;0;0;0m[48;2;6;6;6m▀[m[38;2;0;0;0m[48;2;1;1;1m▀[m[38;2;0;0;0m[48;2;1;1;1m▀[m[38;2;0;0;0m[48;2;0;0;0m▀[m[38;2;49;50;54m[48;2;46;47;51m▀[m[38;2;46;50;57m[48;2;49;48;55m▀[m[38;2;47;49;59m[48;2;49;48;56m▀[m[38;2;47;49;59m[48;2;49;48;56m▀[m[38;2;46;50;57m[48;2;47;48;62m▀[m[38;2;13;13;16m[48;2;15;15;23m▀[m[38;2;0;0;2m[48;2;0;0;2m▀[m[38;2;0;0;0m[48;2;4;4;6m▀[m[38;2;44;51;61m[48;2;46;49;62m▀[m[38;2;0;0;4m[48;2;0;0;4m▀[m[38;2;0;0;3m[48;2;0;0;0m▀[m[38;2;44;50;62m[48;2;46;49;62m▀[m[38;2;43;49;61m[48;2;43;49;61m▀[m[38;2;1;0;2m[48;2;1;0;2m▀[m[38;2;0;0;1m[48;2;0;0;0m▀[m[38;2;0;0;0m[48;2;0;2;13m▀[m[38;2;0;0;0m[48;2;19;0;0m▀[m[38;2;0;0;4m[48;2;15;0;0m▀[m[38;2;1;0;0m[48;2;0;4;9m▀[m[38;2;0;0;0m[48;2;0;1;2m▀[m[38;2;0;0;0m[48;2;0;0;0m▀[m[38;2;0;0;0m[48;2;0;0;0m▀[m[38;2;0;0;2m[48;2;0;0;0m▀[m[38;2;12;13;18m[48;2;11;15;13m▀[m[38;2;49;50;55m[48;2;46;49;66m▀[m[38;2;0;0;0m[48;2;0;0;0m▀[m[38;2;0;1;4m[48;2;0;0;0m▀[m[38;2;47;48;53m[48;2;49;48;53m▀[m[38;2;49;50;55m[48;2;52;51;59m▀[m[38;2;0;0;0m[48;2;1;0;2m▀[m[38;2;0;0;0m[48;2;1;1;3m▀[m[38;2;1;0;0m[48;2;1;1;1m▀[m[38;2;0;0;2m[48;2;1;1;1m▀[m[38;2;0;0;2m[48;2;1;1;1m▀[m[38;2;1;0;0m[48;2;1;1;1m▀[m[38;2;0;0;0m[48;2;1;1;1m▀[m
[38;2;20;20;20m[48;2;20;20;20m▀[m[38;2;20;20;20m[48;2;20;20;20m▀[m[38;2;20;20;20m[48;2;20;20;20m▀[m[38;2;0;0;0m[48;2;20;20;20m▀[m[38;2;1;1;3m[48;2;20;20;20m▀[m[38;2;2;2;4m[48;2;20;20;20m▀[m[38;2;0;0;0m[48;2;0;0;0m▀[m[38;2;0;0;0m[48;2;0;0;0m▀[m[38;2;46;50;61m[48;2;0;0;0m▀[m[38;2;46;50;61m[48;2;0;0;0m▀[m[38;2;46;50;62m[48;2;0;0;0m▀[m[38;2;46;50;62m[48;2;0;0;0m▀[m[38;2;47;50;57m[48;2;0;0;0m▀[m[38;2;0;0;4m[48;2;0;0;0m▀[m[38;2;1;2;8m[48;2;0;0;0m▀[m[38;2;47;51;62m[48;2;1;0;5m▀[m[38;2;42;50;63m[48;2;50;56;68m▀[m[38;2;1;0;2m[48;2;0;0;4m▀[m[38;2;0;0;1m[48;2;1;1;1m▀[m[38;2;3;0;1m[48;2;2;0;3m▀[m[38;2;206;126;79m[48;2;211;123;77m▀[m[38;2;211;124;74m[48;2;207;125;81m▀[m[38;2;15;0;0m[48;2;207;126;79m▀[m[38;2;3;0;2m[48;2;193;129;97m▀[m[38;2;7;0;0m[48;2;0;2;11m▀[m[38;2;0;0;0m[48;2;0;3;5m▀[m[38;2;0;0;0m[48;2;0;0;0m▀[m[38;2;9;18;14m[48;2;74;32;26m▀[m[38;2;49;46;64m[48;2;212;126;77m▀[m[38;2;1;1;1m[48;2;1;0;0m▀[m[38;2;0;0;0m[48;2;0;1;0m▀[m[38;2;0;0;2m[48;2;0;0;0m▀[m[38;2;0;0;5m[48;2;0;0;0m▀[m[38;2;44;51;62m[48;2;0;0;0m▀[m[38;2;20;20;20m[48;2;20;20;20m▀[m[38;2;20;20;20m[48;2;20;20;20m▀[m[38;2;20;20;20m[48;2;20;20;20m▀[m[38;2;20;20;20m[48;2;20;20;20m▀[m[38;2;20;20;20m[48;2;20;20;20m▀[m[38;2;20;20;20m[48;2;20;20;20m▀[m
[38;2;20;20;20m[48;2;20;20;20m▀[m[38;2;20;20;20m[48;2;20;20;20m▀[m[38;2;20;20;20m[48;2;20;20;20m▀[m[38;2;20;20;20m[48;2;20;20;20m▀[m[38;2;20;20;20m[48;2;7;7;7m▀[m[38;2;20;20;20m[48;2;7;7;7m▀[m[38;2;20;20;20m[48;2;7;7;7m▀[m[38;2;20;20;20m[48;2;7;7;7m▀[m[38;2;0;0;0m[48;2;0;0;0m▀[m[38;2;0;0;0m[48;2;0;0;0m▀[m[38;2;0;0;0m[48;2;0;0;0m▀[m[38;2;0;0;0m[48;2;0;0;0m▀[m[38;2;0;0;0m[48;2;0;0;1m▀[m[38;2;0;0;0m[48;2;125;80;63m▀[m[38;2;0;0;0m[48;2;118;81;68m▀[m[38;2;0;0;2m[48;2;5;0;0m▀[m[38;2;2;1;3m[48;2;1;0;0m▀[m[38;2;49;50;55m[48;2;141;99;77m▀[m[38;2;22;26;31m[48;2;86;64;53m▀[m[38;2;3;0;3m[48;2;27;32;37m▀[m[38;2;210;123;78m[48;2;88;49;35m▀[m[38;2;212;124;76m[48;2;86;49;37m▀[m[38;2;211;124;76m[48;2;202;126;90m▀[m[38;2;202;127;81m[48;2;207;125;81m▀[m[38;2;239;202;166m[48;2;248;198;160m▀[m[38;2;0;2;5m[48;2;146;126;110m▀[m[38;2;0;0;1m[48;2;1;0;0m▀[m[38;2;69;50;44m[48;2;70;50;44m▀[m[38;2;240;201;167m[48;2;241;200;168m▀[m[38;2;1;0;0m[48;2;0;0;0m▀[m[38;2;0;1;0m[48;2;12;12;12m▀[m[38;2;0;0;0m[48;2;0;0;0m▀[m[38;2;0;0;0m[48;2;0;0;0m▀[m[38;2;0;0;0m[48;2;0;0;0m▀[m[38;2;20;20;20m[48;2;20;20;20m▀[m[38;2;20;20;20m[48;2;20;20;20m▀[m[38;2;20;20;20m[48;2;20;20;20m▀[m[38;2;20;20;20m[48;2;20;20;20m▀[m[38;2;20;20;20m[48;2;20;20;20m▀[m[38;2;20;20;20m[48;2;20;20;20m▀[m
[38;2;20;20;20m[48;2;20;20;20m▀[m[38;2;20;20;20m[48;2;20;20;20m▀[m[38;2;20;20;20m[48;2;20;20;20m▀[m[38;2;20;20;20m[48;2;20;20;20m▀[m[38;2;2;2;2m[48;2;20;20;20m▀[m[38;2;0;0;0m[48;2;20;20;20m▀[m[38;2;0;0;0m[48;2;20;20;20m▀[m[38;2;0;0;0m[48;2;0;0;0m▀[m[38;2;0;0;0m[48;2;0;0;0m▀[m[38;2;0;0;0m[48;2;1;1;1m▀[m[38;2;0;0;0m[48;2;0;0;0m▀[m[38;2;0;0;0m[48;2;0;0;0m▀[m[38;2;1;0;3m[48;2;1;0;5m▀[m[38;2;207;124;87m[48;2;208;124;86m▀[m[38;2;197;128;93m[48;2;218;126;74m▀[m[38;2;15;1;0m[48;2;219;123;67m▀[m[38;2;0;0;0m[48;2;0;1;0m▀[m[38;2;205;127;80m[48;2;207;125;79m▀[m[38;2;132;86;62m[48;2;212;124;71m▀[m[38;2;50;48;47m[48;2;207;127;79m▀[m[38;2;2;2;2m[48;2;107;66;69m▀[m[38;2;0;1;8m[48;2;130;154;173m▀[m[38;2;187;129;111m[48;2;2;7;20m▀[m[38;2;200;128;86m[48;2;4;0;0m▀[m[38;2;245;200;157m[48;2;9;0;0m▀[m[38;2;246;198;156m[48;2;247;202;155m▀[m[38;2;10;2;0m[48;2;248;198;160m▀[m[38;2;72;50;45m[48;2;178;155;140m▀[m[38;2;237;202;166m[48;2;0;1;8m▀[m[38;2;0;0;0m[48;2;20;20;20m▀[m[38;2;20;20;20m[48;2;20;20;20m▀[m[38;2;0;0;0m[48;2;20;20;20m▀[m[38;2;3;3;3m[48;2;20;20;20m▀[m[38;2;0;0;0m[48;2;0;0;0m▀[m[38;2;20;20;20m[48;2;20;20;20m▀[m[38;2;20;20;20m[48;2;20;20;20m▀[m[38;2;20;20;20m[48;2;20;20;20m▀[m[38;2;20;20;20m[48;2;20;20;20m▀[m[38;2;20;20;20m[48;2;20;20;20m▀[m[38;2;20;20;20m[48;2;20;20;20m▀[m
[38;2;20;20;20m[48;2;20;20;20m▀[m[38;2;20;20;20m[48;2;20;20;20m▀[m[38;2;20;20;20m[48;2;20;20;20m▀[m[38;2;20;20;20m[48;2;20;20;20m▀[m[38;2;20;20;20m[48;2;20;20;20m▀[m[38;2;20;20;20m[48;2;20;20;20m▀[m[38;2;20;20;20m[48;2;20;20;20m▀[m[38;2;20;20;20m[48;2;2;2;2m▀[m[38;2;20;20;20m[48;2;3;2;2m▀[m[38;2;5;5;5m[48;2;4;3;3m▀[m[38;2;0;0;0m[48;2;0;0;0m▀[m[38;2;0;0;0m[48;2;0;0;0m▀[m[38;2;0;2;0m[48;2;1;0;0m▀[m[38;2;205;125;86m[48;2;57;18;15m▀[m[38;2;214;124;69m[48;2;60;18;14m▀[m[38;2;222;128;83m[48;2;61;19;14m▀[m[38;2;105;63;65m[48;2;114;62;69m▀[m[38;2;215;123;76m[48;2;212;123;80m▀[m[38;2;213;124;73m[48;2;213;123;77m▀[m[38;2;205;126;78m[48;2;209;128;76m▀[m[38;2;107;67;68m[48;2;179;113;88m▀[m[38;2;237;246;247m[48;2;189;152;121m▀[m[38;2;243;246;243m[48;2;247;234;226m▀[m[38;2;236;240;245m[48;2;240;241;243m▀[m[38;2;43;52;70m[48;2;67;67;78m▀[m[38;2;8;2;2m[48;2;201;207;202m▀[m[38;2;241;202;162m[48;2;237;199;159m▀[m[38;2;175;153;138m[48;2;176;153;138m▀[m[38;2;0;0;2m[48;2;0;0;2m▀[m[38;2;20;20;20m[48;2;20;20;20m▀[m[38;2;20;20;20m[48;2;20;20;20m▀[m[38;2;20;20;20m[48;2;20;20;20m▀[m[38;2;20;20;20m[48;2;20;20;20m▀[m[38;2;20;20;20m[48;2;20;20;20m▀[m[38;2;20;20;20m[48;2;20;20;20m▀[m[38;2;20;20;20m[48;2;20;20;20m▀[m[38;2;20;20;20m[48;2;20;20;20m▀[m[38;2;20;20;20m[48;2;20;20;20m▀[m[38;2;20;20;20m[48;2;20;20;20m▀[m[38;2;20;20;20m[48;2;20;20;20m▀[m
[38;2;20;20;20m[48;2;20;20;20m▀[m[38;2;20;20;20m[48;2;20;20;20m▀[m[38;2;20;20;20m[48;2;20;20;20m▀[m[38;2;20;20;20m[48;2;0;0;0m▀[m[38;2;20;20;20m[48;2;0;0;0m▀[m[38;2;20;20;20m[48;2;0;0;0m▀[m[38;2;20;20;20m[48;2;6;3;2m▀[m[38;2;9;0;0m[48;2;114;62;69m▀[m[38;2;12;0;0m[48;2;211;126;78m▀[m[38;2;12;0;0m[48;2;211;127;77m▀[m[38;2;17;0;0m[48;2;213;124;84m▀[m[38;2;0;0;0m[48;2;3;0;6m▀[m[38;2;0;0;0m[48;2;3;0;2m▀[m[38;2;18;0;0m[48;2;165;53;48m▀[m[38;2;26;0;0m[48;2;186;46;35m▀[m[38;2;18;0;0m[48;2;188;45;38m▀[m[38;2;120;61;61m[48;2;210;120;65m▀[m[38;2;197;127;99m[48;2;116;61;64m▀[m[38;2;206;126;79m[48;2;158;95;69m▀[m[38;2;209;125;78m[48;2;209;125;78m▀[m[38;2;208;126;76m[48;2;209;125;78m▀[m[38;2;205;127;74m[48;2;204;127;77m▀[m[38;2;255;233;209m[48;2;248;200;151m▀[m[38;2;247;239;232m[48;2;243;202;158m▀[m[38;2;80;67;66m[48;2;244;201;159m▀[m[38;2;247;240;230m[48;2;240;197;156m▀[m[38;2;234;201;174m[48;2;114;63;72m▀[m[38;2;174;153;143m[48;2;73;51;51m▀[m[38;2;0;0;4m[48;2;0;0;4m▀[m[38;2;20;20;20m[48;2;0;0;1m▀[m[38;2;20;20;20m[48;2;0;0;1m▀[m[38;2;20;20;20m[48;2;0;0;1m▀[m[38;2;20;20;20m[48;2;4;4;4m▀[m[38;2;20;20;20m[48;2;20;20;20m▀[m[38;2;20;20;20m[48;2;20;20;20m▀[m[38;2;20;20;20m[48;2;20;20;20m▀[m[38;2;20;20;20m[48;2;20;20;20m▀[m[38;2;20;20;20m[48;2;20;20;20m▀[m[38;2;20;20;20m[48;2;20;20;20m▀[m[38;2;20;20;20m[48;2;20;20;20m▀[m
[38;2;20;20;20m[48;2;20;20;20m▀[m[38;2;20;20;20m[48;2;20;20;20m▀[m[38;2;0;2;0m[48;2;1;0;0m▀[m[38;2;244;199;164m[48;2;202;123;76m▀[m[38;2;197;134;88m[48;2;247;190;150m▀[m[38;2;213;124;77m[48;2;247;203;159m▀[m[38;2;212;124;89m[48;2;247;193;161m▀[m[38;2;116;61;67m[48;2;21;25;38m▀[m[38;2;111;62;69m[48;2;25;23;40m▀[m[38;2;112;61;71m[48;2;14;9;19m▀[m[38;2;106;67;68m[48;2;15;2;0m▀[m[38;2;0;1;0m[48;2;240;204;162m▀[m[38;2;0;1;5m[48;2;235;206;166m▀[m[38;2;172;50;52m[48;2;35;0;0m▀[m[38;2;157;62;60m[48;2;16;0;0m▀[m[38;2;9;25;54m[48;2;25;28;52m▀[m[38;2;240;203;167m[48;2;195;121;73m▀[m[38;2;210;125;78m[48;2;251;197;155m▀[m[38;2;162;93;70m[48;2;183;132;114m▀[m[38;2;111;61;65m[48;2;115;59;69m▀[m[38;2;213;116;68m[48;2;111;55;59m▀[m[38;2;241;202;158m[48;2;112;64;68m▀[m[38;2;244;200;165m[48;2;105;69;63m▀[m[38;2;243;201;161m[48;2;113;65;62m▀[m[38;2;243;201;161m[48;2;113;65;62m▀[m[38;2;96;63;66m[48;2;245;104;80m▀[m[38;2;248;99;55m[48;2;197;51;40m▀[m[38;2;231;87;55m[48;2;203;62;29m▀[m[38;2;180;48;36m[48;2;244;107;65m▀[m[38;2;253;99;49m[48;2;40;16;22m▀[m[38;2;254;98;49m[48;2;37;18;22m▀[m[38;2;38;1;0m[48;2;29;28;43m▀[m[38;2;4;0;3m[48;2;22;29;35m▀[m[38;2;20;20;20m[48;2;0;0;0m▀[m[38;2;20;20;20m[48;2;0;0;1m▀[m[38;2;20;20;20m[48;2;20;20;20m▀[m[38;2;20;20;20m[48;2;20;20;20m▀[m[38;2;20;20;20m[48;2;20;20;20m▀[m[38;2;20;20;20m[48;2;20;20;20m▀[m[38;2;20;20;20m[48;2;20;20;20m▀[m
[38;2;20;20;20m[48;2;20;20;20m▀[m[38;2;20;20;20m[48;2;20;20;20m▀[m[38;2;1;0;0m[48;2;20;20;20m▀[m[38;2;181;133;107m[48;2;0;1;1m▀[m[38;2;249;206;174m[48;2;238;204;178m▀[m[38;2;248;199;158m[48;2;237;201;172m▀[m[38;2;246;199;156m[48;2;246;199;156m▀[m[38;2;17;27;47m[48;2;17;27;47m▀[m[38;2;17;28;46m[48;2;17;28;46m▀[m[38;2;4;9;18m[48;2;4;9;18m▀[m[38;2;2;1;0m[48;2;7;0;1m▀[m[38;2;251;196;149m[48;2;211;125;71m▀[m[38;2;251;194;154m[48;2;211;124;76m▀[m[38;2;25;0;0m[48;2;121;61;56m▀[m[38;2;6;5;5m[48;2;99;69;66m▀[m[38;2;19;25;43m[48;2;4;0;0m▀[m[38;2;184;130;111m[48;2;15;26;53m▀[m[38;2;248;196;155m[48;2;206;124;88m▀[m[38;2;177;131;114m[48;2;158;94;78m▀[m[38;2;112;65;72m[48;2;112;63;68m▀[m[38;2;130;63;51m[48;2;211;123;72m▀[m[38;2;122;76;64m[48;2;239;201;163m▀[m[38;2;112;66;55m[48;2;243;200;161m▀[m[38;2;110;66;64m[48;2;231;204;174m▀[m[38;2;99;67;75m[48;2;24;26;35m▀[m[38;2;246;95;65m[48;2;184;47;47m▀[m[38;2;195;41;18m[48;2;254;98;52m▀[m[38;2;213;68;33m[48;2;255;100;51m▀[m[38;2;248;103;58m[48;2;246;104;52m▀[m[38;2;16;28;47m[48;2;16;28;47m▀[m[38;2;18;27;45m[48;2;18;27;45m▀[m[38;2;43;39;39m[48;2;229;205;186m▀[m[38;2;30;22;14m[48;2;244;200;160m▀[m[38;2;17;1;0m[48;2;244;200;161m▀[m[38;2;14;0;0m[48;2;113;63;68m▀[m[38;2;20;20;20m[48;2;12;0;0m▀[m[38;2;20;20;20m[48;2;1;0;0m▀[m[38;2;20;20;20m[48;2;0;0;0m▀[m[38;2;20;20;20m[48;2;20;20;20m▀[m[38;2;20;20;20m[48;2;20;20;20m▀[m
[38;2;20;20;20m[48;2;20;20;20m▀[m[38;2;20;20;20m[48;2;20;20;20m▀[m[38;2;20;20;20m[48;2;20;20;20m▀[m[38;2;20;20;20m[48;2;20;20;20m▀[m[38;2;2;1;5m[48;2;20;20;20m▀[m[38;2;1;0;5m[48;2;20;20;20m▀[m[38;2;4;3;3m[48;2;31;31;31m▀[m[38;2;1;1;2m[48;2;1;0;0m▀[m[38;2;1;1;1m[48;2;242;202;173m▀[m[38;2;173;151;136m[48;2;207;147;101m▀[m[38;2;244;200;161m[48;2;199;126;80m▀[m[38;2;242;197;161m[48;2;243;197;157m▀[m[38;2;213;123;77m[48;2;4;1;0m▀[m[38;2;123;61;55m[48;2;1;2;0m▀[m[38;2;112;63;56m[48;2;16;0;0m▀[m[38;2;244;203;154m[48;2;246;200;153m▀[m[38;2;9;4;10m[48;2;0;2;2m▀[m[38;2;19;29;42m[48;2;0;2;1m▀[m[38;2;11;30;47m[48;2;0;1;3m▀[m[38;2;16;27;54m[48;2;1;1;1m▀[m[38;2;22;33;49m[48;2;1;1;3m▀[m[38;2;16;28;50m[48;2;0;4;1m▀[m[38;2;12;29;48m[48;2;210;119;89m▀[m[38;2;37;22;20m[48;2;246;100;66m▀[m[38;2;249;105;47m[48;2;254;99;61m▀[m[38;2;253;99;46m[48;2;254;100;51m▀[m[38;2;252;107;51m[48;2;253;101;48m▀[m[38;2;254;99;50m[48;2;174;88;65m▀[m[38;2;253;100;57m[48;2;11;0;1m▀[m[38;2;17;28;44m[48;2;1;0;5m▀[m[38;2;17;28;46m[48;2;2;1;1m▀[m[38;2;184;132;107m[48;2;27;28;33m▀[m[38;2;214;124;72m[48;2;22;27;43m▀[m[38;2;208;126;81m[48;2;20;27;44m▀[m[38;2;209;127;83m[48;2;20;27;45m▀[m[38;2;251;193;152m[48;2;237;204;177m▀[m[38;2;246;199;155m[48;2;238;202;165m▀[m[38;2;240;202;157m[48;2;236;200;164m▀[m[38;2;1;1;1m[48;2;0;0;4m▀[m[38;2;20;20;20m[48;2;20;20;20m▀[m
[38;2;20;20;20m[48;2;20;20;20m▀[m[38;2;20;20;20m[48;2;20;20;20m▀[m[38;2;20;20;20m[48;2;20;20;20m▀[m[38;2;20;20;20m[48;2;20;20;20m▀[m[38;2;20;20;20m[48;2;20;20;20m▀[m[38;2;20;20;20m[48;2;20;20;20m▀[m[38;2;20;20;20m[48;2;20;20;20m▀[m[38;2;0;0;0m[48;2;0;0;0m▀[m[38;2;241;201;162m[48;2;234;204;174m▀[m[38;2;251;203;157m[48;2;237;203;175m▀[m[38;2;253;197;154m[48;2;232;204;167m▀[m[38;2;195;132;77m[48;2;203;141;97m▀[m[38;2;0;0;0m[48;2;0;0;0m▀[m[38;2;0;0;0m[48;2;0;0;0m▀[m[38;2;12;8;8m[48;2;0;1;0m▀[m[38;2;16;1;0m[48;2;4;0;6m▀[m[38;2;215;123;92m[48;2;223;104;71m▀[m[38;2;6;0;1m[48;2;28;0;0m▀[m[38;2;0;4;0m[48;2;19;0;0m▀[m[38;2;0;2;0m[48;2;19;0;0m▀[m[38;2;0;3;3m[48;2;20;0;0m▀[m[38;2;206;117;88m[48;2;243;107;61m▀[m[38;2;191;52;35m[48;2;176;48;24m▀[m[38;2;192;49;24m[48;2;185;46;36m▀[m[38;2;191;48;25m[48;2;191;46;29m▀[m[38;2;194;42;25m[48;2;166;61;62m▀[m[38;2;58;0;0m[48;2;19;0;0m▀[m[38;2;85;48;39m[48;2;78;53;46m▀[m[38;2;231;203;184m[48;2;248;200;154m▀[m[38;2;186;132;107m[48;2;201;126;78m▀[m[38;2;232;208;183m[48;2;249;193;149m▀[m[38;2;229;205;193m[48;2;251;204;170m▀[m[38;2;225;213;208m[48;2;234;200;172m▀[m[38;2;18;28;45m[48;2;31;27;30m▀[m[38;2;20;27;42m[48;2;20;26;37m▀[m[38;2;193;130;91m[48;2;193;131;98m▀[m[38;2;169;118;85m[48;2;187;145;125m▀[m[38;2;18;0;0m[48;2;0;1;0m▀[m[38;2;20;20;20m[48;2;20;20;20m▀[m[38;2;20;20;20m[48;2;20;20;20m▀[m
[38;2;20;20;20m[48;2;20;20;20m▀[m[38;2;20;20;20m[48;2;20;20;20m▀[m[38;2;20;20;20m[48;2;20;20;20m▀[m[38;2;20;20;20m[48;2;20;20;20m▀[m[38;2;20;20;20m[48;2;20;20;20m▀[m[38;2;20;20;20m[48;2;20;20;20m▀[m[38;2;20;20;20m[48;2;20;20;20m▀[m[38;2;20;20;20m[48;2;20;20;20m▀[m[38;2;0;0;0m[48;2;20;20;20m▀[m[38;2;0;0;0m[48;2;20;20;20m▀[m[38;2;0;0;0m[48;2;20;20;20m▀[m[38;2;3;3;3m[48;2;20;20;20m▀[m[38;2;20;20;20m[48;2;20;20;20m▀[m[38;2;20;20;20m[48;2;20;20;20m▀[m[38;2;20;20;20m[48;2;20;20;20m▀[m[38;2;20;20;20m[48;2;20;20;20m▀[m[38;2;7;0;0m[48;2;3;4;2m▀[m[38;2;245;103;56m[48;2;19;31;36m▀[m[38;2;255;98;42m[48;2;101;38;31m▀[m[38;2;255;99;50m[48;2;188;44;40m▀[m[38;2;255;100;50m[48;2;180;48;38m▀[m[38;2;182;48;41m[48;2;179;52;35m▀[m[38;2;179;47;46m[48;2;41;23;27m▀[m[38;2;188;47;24m[48;2;12;29;45m▀[m[38;2;252;101;52m[48;2;13;28;48m▀[m[38;2;9;0;9m[48;2;7;10;9m▀[m[38;2;244;197;174m[48;2;1;3;2m▀[m[38;2;241;176;139m[48;2;77;55;42m▀[m[38;2;209;126;72m[48;2;245;200;159m▀[m[38;2;246;199;159m[48;2;209;125;78m▀[m[38;2;208;125;75m[48;2;208;122;77m▀[m[38;2;254;196;156m[48;2;254;196;156m▀[m[38;2;244;201;159m[48;2;244;201;159m▀[m[38;2;247;199;158m[48;2;247;199;158m▀[m[38;2;0;2;5m[48;2;0;1;4m▀[m[38;2;0;0;0m[48;2;20;20;20m▀[m[38;2;0;0;0m[48;2;20;20;20m▀[m[38;2;20;20;20m[48;2;20;20;20m▀[m[38;2;20;20;20m[48;2;20;20;20m▀[m[38;2;20;20;20m[48;2;20;20;20m▀[m
[38;2;20;20;20m[48;2;20;20;20m▀[m[38;2;20;20;20m[48;2;20;20;20m▀[m[38;2;20;20;20m[48;2;20;20;20m▀[m[38;2;20;20;20m[48;2;20;20;20m▀[m[38;2;20;20;20m[48;2;20;20;20m▀[m[38;2;20;20;20m[48;2;20;20;20m▀[m[38;2;20;20;20m[48;2;20;20;20m▀[m[38;2;20;20;20m[48;2;20;20;20m▀[m[38;2;20;20;20m[48;2;16;16;16m▀[m[38;2;20;20;20m[48;2;16;16;16m▀[m[38;2;20;20;20m[48;2;16;16;16m▀[m[38;2;20;20;20m[48;2;16;16;16m▀[m[38;2;20;20;20m[48;2;16;16;17m▀[m[38;2;2;0;0m[48;2;76;23;20m▀[m[38;2;1;0;6m[48;2;83;22;17m▀[m[38;2;2;2;5m[48;2;82;24;18m▀[m[38;2;1;0;0m[48;2;63;12;11m▀[m[38;2;0;1;0m[48;2;63;12;10m▀[m[38;2;5;1;0m[48;2;31;9;13m▀[m[38;2;12;0;0m[48;2;2;11;14m▀[m[38;2;12;0;0m[48;2;2;11;14m▀[m[38;2;14;1;0m[48;2;3;9;14m▀[m[38;2;0;7;9m[48;2;2;9;16m▀[m[38;2;1;0;3m[48;2;12;5;6m▀[m[38;2;2;0;0m[48;2;66;12;11m▀[m[38;2;226;105;71m[48;2;255;99;52m▀[m[38;2;6;1;0m[48;2;8;0;2m▀[m[38;2;65;52;45m[48;2;49;44;39m▀[m[38;2;243;200;163m[48;2;186;167;151m▀[m[38;2;13;0;1m[48;2;6;3;9m▀[m[38;2;13;0;1m[48;2;7;1;10m▀[m[38;2;233;202;169m[48;2;234;202;175m▀[m[38;2;250;200;158m[48;2;248;205;172m▀[m[38;2;207;122;80m[48;2;152;109;88m▀[m[38;2;0;0;9m[48;2;3;5;6m▀[m[38;2;20;20;20m[48;2;20;20;20m▀[m[38;2;20;20;20m[48;2;20;20;20m▀[m[38;2;20;20;20m[48;2;20;20;20m▀[m[38;2;20;20;20m[48;2;20;20;20m▀[m[38;2;20;20;20m[48;2;20;20;20m▀[m
[38;2;20;20;20m[48;2;20;20;20m▀[m[38;2;20;20;20m[48;2;20;20;20m▀[m[38;2;20;20;20m[48;2;20;20;20m▀[m[38;2;20;20;20m[48;2;20;20;20m▀[m[38;2;20;20;20m[48;2;20;20;20m▀[m[38;2;20;20;20m[48;2;20;20;20m▀[m[38;2;20;20;20m[48;2;20;20;20m▀[m[38;2;20;20;20m[48;2;1;0;0m▀[m[38;2;0;1;4m[48;2;178;50;36m▀[m[38;2;3;0;0m[48;2;234;88;53m▀[m[38;2;5;2;0m[48;2;253;102;46m▀[m[38;2;5;2;0m[48;2;253;102;46m▀[m[38;2;5;0;1m[48;2;255;97;46m▀[m[38;2;235;106;74m[48;2;255;98;51m▀[m[38;2;254;101;51m[48;2;253;101;51m▀[m[38;2;254;100;51m[48;2;254;100;51m▀[m[38;2;181;47;36m[48;2;184;47;39m▀[m[38;2;193;48;33m[48;2;254;99;57m▀[m[38;2;114;32;36m[48;2;217;74;47m▀[m[38;2;26;23;38m[48;2;181;47;45m▀[m[38;2;19;31;55m[48;2;99;40;81m▀[m[38;2;29;35;40m[48;2;254;102;44m▀[m[38;2;26;27;36m[48;2;255;101;44m▀[m[38;2;56;15;21m[48;2;255;100;44m▀[m[38;2;190;46;45m[48;2;252;103;44m▀[m[38;2;241;99;52m[48;2;191;42;35m▀[m[38;2;23;0;0m[48;2;255;97;48m▀[m[38;2;6;0;0m[48;2;174;86;66m▀[m[38;2;4;0;0m[48;2;6;0;5m▀[m[38;2;20;20;20m[48;2;20;20;20m▀[m[38;2;0;0;0m[48;2;0;0;0m▀[m[38;2;233;204;186m[48;2;0;1;4m▀[m[38;2;228;200;178m[48;2;0;1;6m▀[m[38;2;1;1;1m[48;2;20;20;20m▀[m[38;2;20;20;20m[48;2;20;20;20m▀[m[38;2;20;20;20m[48;2;20;20;20m▀[m[38;2;20;20;20m[48;2;20;20;20m▀[m[38;2;20;20;20m[48;2;20;20;20m▀[m[38;2;20;20;20m[48;2;20;20;20m▀[m[38;2;20;20;20m[48;2;20;20;20m▀[m
[38;2;20;20;20m[48;2;20;20;20m▀[m[38;2;20;20;20m[48;2;20;20;20m▀[m[38;2;20;20;20m[48;2;20;20;20m▀[m[38;2;20;20;20m[48;2;20;20;20m▀[m[38;2;20;20;20m[48;2;20;20;20m▀[m[38;2;20;20;20m[48;2;20;20;20m▀[m[38;2;20;20;20m[48;2;3;10;5m▀[m[38;2;0;4;3m[48;2;147;60;57m▀[m[38;2;245;102;64m[48;2;252;101;54m▀[m[38;2;254;101;54m[48;2;255;100;48m▀[m[38;2;255;101;51m[48;2;255;101;51m▀[m[38;2;255;101;51m[48;2;255;101;51m▀[m[38;2;253;101;49m[48;2;255;101;47m▀[m[38;2;254;101;49m[48;2;193;46;14m▀[m[38;2;253;102;47m[48;2;190;46;23m▀[m[38;2;254;101;50m[48;2;188;47;19m▀[m[38;2;184;46;43m[48;2;188;49;46m▀[m[38;2;254;100;55m[48;2;186;44;23m▀[m[38;2;222;72;41m[48;2;221;72;40m▀[m[38;2;178;50;38m[48;2;243;104;68m▀[m[38;2;102;41;70m[48;2;100;39;70m▀[m[38;2;255;99;52m[48;2;255;99;52m▀[m[38;2;255;101;51m[48;2;255;101;51m▀[m[38;2;255;101;51m[48;2;255;101;51m▀[m[38;2;255;101;51m[48;2;255;101;51m▀[m[38;2;252;99;57m[48;2;255;99;52m▀[m[38;2;184;42;26m[48;2;250;99;66m▀[m[38;2;177;47;35m[48;2;252;99;67m▀[m[38;2;170;52;48m[48;2;236;104;71m▀[m[38;2;1;0;0m[48;2;1;0;0m▀[m[38;2;20;20;20m[48;2;20;20;20m▀[m[38;2;20;20;20m[48;2;20;20;20m▀[m[38;2;20;20;20m[48;2;20;20;20m▀[m[38;2;20;20;20m[48;2;20;20;20m▀[m[38;2;20;20;20m[48;2;20;20;20m▀[m[38;2;20;20;20m[48;2;20;20;20m▀[m[38;2;20;20;20m[48;2;20;20;20m▀[m[38;2;20;20;20m[48;2;20;20;20m▀[m[38;2;20;20;20m[48;2;20;20;20m▀[m[38;2;20;20;20m[48;2;20;20;20m▀[m
[38;2;20;20;20m[48;2;20;20;20m▀[m[38;2;20;20;20m[48;2;20;20;20m▀[m[38;2;20;20;20m[48;2;20;20;20m▀[m[38;2;20;20;20m[48;2;20;20;20m▀[m[38;2;20;20;20m[48;2;3;0;0m▀[m[38;2;58;57;57m[48;2;17;0;6m▀[m[38;2;16;0;11m[48;2;106;42;79m▀[m[38;2;188;44;37m[48;2;190;43;37m▀[m[38;2;253;99;56m[48;2;253;101;53m▀[m[38;2;253;100;53m[48;2;253;102;51m▀[m[38;2;254;100;51m[48;2;254;105;54m▀[m[38;2;251;102;49m[48;2;242;99;56m▀[m[38;2;255;98;68m[48;2;184;46;47m▀[m[38;2;194;42;25m[48;2;253;101;70m▀[m[38;2;187;47;20m[48;2;254;101;57m▀[m[38;2;198;45;17m[48;2;254;102;53m▀[m[38;2;166;53;52m[48;2;3;0;2m▀[m[38;2;167;54;52m[48;2;2;0;3m▀[m[38;2;196;81;68m[48;2;3;0;1m▀[m[38;2;216;111;88m[48;2;4;0;4m▀[m[38;2;88;46;85m[48;2;8;0;0m▀[m[38;2;253;97;63m[48;2;182;44;39m▀[m[38;2;254;98;69m[48;2;193;42;32m▀[m[38;2;251;100;61m[48;2;187;42;23m▀[m[38;2;255;100;53m[48;2;254;99;58m▀[m[38;2;253;101;51m[48;2;253;101;52m▀[m[38;2;253;102;48m[48;2;253;101;51m▀[m[38;2;255;100;48m[48;2;255;101;48m▀[m[38;2;249;103;54m[48;2;253;101;54m▀[m[38;2;37;0;0m[48;2;195;41;35m▀[m[38;2;20;20;20m[48;2;7;1;1m▀[m[38;2;20;20;20m[48;2;8;1;1m▀[m[38;2;20;20;20m[48;2;3;0;0m▀[m[38;2;20;20;20m[48;2;20;20;20m▀[m[38;2;20;20;20m[48;2;20;20;20m▀[m[38;2;20;20;20m[48;2;20;20;20m▀[m[38;2;20;20;20m[48;2;20;20;20m▀[m[38;2;20;20;20m[48;2;20;20;20m▀[m[38;2;20;20;20m[48;2;20;20;20m▀[m[38;2;20;20;20m[48;2;20;20;20m▀[m
[38;2;20;20;20m[48;2;20;20;20m▀[m[38;2;20;20;20m[48;2;20;20;20m▀[m[38;2;20;20;20m[48;2;20;20;20m▀[m[38;2;0;0;0m[48;2;0;0;0m▀[m[38;2;174;49;45m[48;2;177;47;45m▀[m[38;2;173;46;58m[48;2;175;44;58m▀[m[38;2;108;43;69m[48;2;102;44;82m▀[m[38;2;188;46;33m[48;2;113;40;69m▀[m[38;2;190;44;36m[48;2;112;41;67m▀[m[38;2;190;44;36m[48;2;112;41;67m▀[m[38;2;180;49;43m[48;2;113;37;64m▀[m[38;2;101;42;75m[48;2;101;44;82m▀[m[38;2;103;42;72m[48;2;171;48;48m▀[m[38;2;2;2;3m[48;2;16;1;0m▀[m[38;2;0;0;1m[48;2;1;2;0m▀[m[38;2;2;0;1m[48;2;20;20;20m▀[m[38;2;20;20;20m[48;2;20;20;20m▀[m[38;2;20;20;20m[48;2;20;20;20m▀[m[38;2;20;20;20m[48;2;20;20;20m▀[m[38;2;20;20;20m[48;2;20;20;20m▀[m[38;2;20;20;20m[48;2;20;20;20m▀[m[38;2;4;0;4m[48;2;2;1;0m▀[m[38;2;231;108;72m[48;2;169;53;36m▀[m[38;2;248;101;60m[48;2;192;47;25m▀[m[38;2;184;47;36m[48;2;251;98;62m▀[m[38;2;254;102;46m[48;2;191;48;42m▀[m[38;2;253;101;47m[48;2;191;46;34m▀[m[38;2;255;101;49m[48;2;190;47;34m▀[m[38;2;255;101;49m[48;2;189;47;34m▀[m[38;2;186;46;40m[48;2;186;46;40m▀[m[38;2;103;43;81m[48;2;103;43;81m▀[m[38;2;164;51;52m[48;2;167;50;50m▀[m[38;2;166;55;36m[48;2;178;49;38m▀[m[38;2;5;0;4m[48;2;91;46;71m▀[m[38;2;20;20;20m[48;2;2;2;1m▀[m[38;2;20;20;20m[48;2;20;20;20m▀[m[38;2;20;20;20m[48;2;20;20;20m▀[m[38;2;20;20;20m[48;2;20;20;20m▀[m[38;2;20;20;20m[48;2;20;20;20m▀[m[38;2;20;20;20m[48;2;20;20;20m▀[m
[38;2;20;20;20m[48;2;20;20;20m▀[m[38;2;20;20;20m[48;2;20;20;20m▀[m[38;2;20;20;20m[48;2;20;20;20m▀[m[38;2;0;0;0m[48;2;1;1;1m▀[m[38;2;130;52;64m[48;2;98;52;73m▀[m[38;2;135;52;59m[48;2;104;43;48m▀[m[38;2;137;45;60m[48;2;166;48;53m▀[m[38;2;102;42;75m[48;2;114;40;68m▀[m[38;2;102;42;74m[48;2;111;40;74m▀[m[38;2;102;42;74m[48;2;111;40;74m▀[m[38;2;102;42;77m[48;2;109;43;66m▀[m[38;2;93;45;83m[48;2;107;40;66m▀[m[38;2;182;48;34m[48;2;176;46;48m▀[m[38;2;15;0;0m[48;2;11;2;0m▀[m[38;2;0;0;0m[48;2;0;0;0m▀[m[38;2;20;20;20m[48;2;20;20;20m▀[m[38;2;20;20;20m[48;2;20;20;20m▀[m[38;2;20;20;20m[48;2;20;20;20m▀[m[38;2;20;20;20m[48;2;20;20;20m▀[m[38;2;20;20;20m[48;2;20;20;20m▀[m[38;2;20;20;20m[48;2;20;20;20m▀[m[38;2;12;14;14m[48;2;20;20;20m▀[m[38;2;91;36;39m[48;2;7;12;14m▀[m[38;2;98;34;28m[48;2;0;0;2m▀[m[38;2;133;61;47m[48;2;0;0;4m▀[m[38;2;143;42;59m[48;2;96;47;75m▀[m[38;2;186;44;37m[48;2;176;46;48m▀[m[38;2;184;46;40m[48;2;176;47;44m▀[m[38;2;184;46;39m[48;2;176;47;44m▀[m[38;2;183;46;39m[48;2;173;47;48m▀[m[38;2;102;44;73m[48;2;105;44;68m▀[m[38;2;140;46;67m[48;2;106;40;73m▀[m[38;2;146;46;65m[48;2;119;34;53m▀[m[38;2;141;44;56m[48;2;180;49;38m▀[m[38;2;0;0;2m[48;2;2;1;7m▀[m[38;2;20;20;20m[48;2;20;20;20m▀[m[38;2;20;20;20m[48;2;20;20;20m▀[m[38;2;20;20;20m[48;2;20;20;20m▀[m[38;2;20;20;20m[48;2;20;20;20m▀[m[38;2;20;20;20m[48;2;20;20;20m▀[m
[38;2;20;20;20m[48;2;20;20;20m▀[m[38;2;20;20;20m[48;2;20;20;20m▀[m[38;2;20;20;20m[48;2;20;20;20m▀[m[38;2;20;20;20m[48;2;20;20;20m▀[m[38;2;1;7;3m[48;2;20;20;20m▀[m[38;2;18;0;9m[48;2;20;20;20m▀[m[38;2;107;37;70m[48;2;0;2;2m▀[m[38;2;187;46;37m[48;2;2;0;0m▀[m[38;2;184;47;41m[48;2;180;48;41m▀[m[38;2;185;45;41m[48;2;187;45;41m▀[m[38;2;190;46;45m[48;2;178;49;47m▀[m[38;2;188;43;32m[48;2;102;40;79m▀[m[38;2;104;41;76m[48;2;2;0;5m▀[m[38;2;15;0;6m[48;2;20;20;20m▀[m[38;2;3;3;3m[48;2;20;20;20m▀[m[38;2;20;20;20m[48;2;20;20;20m▀[m[38;2;20;20;20m[48;2;20;20;20m▀[m[38;2;20;20;20m[48;2;20;20;20m▀[m[38;2;20;20;20m[48;2;20;20;20m▀[m[38;2;20;20;20m[48;2;20;20;20m▀[m[38;2;20;20;20m[48;2;20;20;20m▀[m[38;2;20;20;20m[48;2;20;20;20m▀[m[38;2;20;20;20m[48;2;20;20;20m▀[m[38;2;20;20;20m[48;2;20;20;20m▀[m[38;2;20;20;20m[48;2;20;20;20m▀[m[38;2;6;0;1m[48;2;5;1;6m▀[m[38;2;100;40;73m[48;2;171;50;55m▀[m[38;2;102;45;78m[48;2;151;47;64m▀[m[38;2;102;42;76m[48;2;99;43;78m▀[m[38;2;100;43;78m[48;2;102;42;75m▀[m[38;2;100;43;78m[48;2;102;42;75m▀[m[38;2;100;45;75m[48;2;167;48;61m▀[m[38;2;104;42;67m[48;2;178;51;52m▀[m[38;2;183;47;44m[48;2;98;44;73m▀[m[38;2;2;0;0m[48;2;1;0;5m▀[m[38;2;20;20;20m[48;2;20;20;20m▀[m[38;2;20;20;20m[48;2;20;20;20m▀[m[38;2;20;20;20m[48;2;20;20;20m▀[m[38;2;20;20;20m[48;2;20;20;20m▀[m[38;2;20;20;20m[48;2;20;20;20m▀[m
[38;2;20;20;20m[48;2;20;20;20m▀[m[38;2;20;20;20m[48;2;20;20;20m▀[m[38;2;20;20;20m[48;2;20;20;20m▀[m[38;2;20;20;20m[48;2;20;20;20m▀[m[38;2;20;20;20m[48;2;20;20;20m▀[m[38;2;20;20;20m[48;2;20;20;20m▀[m[38;2;1;0;0m[48;2;4;0;0m▀[m[38;2;124;33;52m[48;2;150;19;51m▀[m[38;2;33;0;0m[48;2;5;0;0m▀[m[38;2;28;0;0m[48;2;1;1;0m▀[m[38;2;23;0;2m[48;2;5;5;5m▀[m[38;2;12;2;6m[48;2;4;3;3m▀[m[38;2;20;20;20m[48;2;20;20;20m▀[m[38;2;20;20;20m[48;2;20;20;20m▀[m[38;2;20;20;20m[48;2;20;20;20m▀[m[38;2;20;20;20m[48;2;20;20;20m▀[m[38;2;20;20;20m[48;2;20;20;20m▀[m[38;2;20;20;20m[48;2;20;20;20m▀[m[38;2;20;20;20m[48;2;20;20;20m▀[m[38;2;20;20;20m[48;2;20;20;20m▀[m[38;2;20;20;20m[48;2;20;20;20m▀[m[38;2;20;20;20m[48;2;20;20;20m▀[m[38;2;20;20;20m[48;2;20;20;20m▀[m[38;2;20;20;20m[48;2;20;20;20m▀[m[38;2;20;20;20m[48;2;20;20;20m▀[m[38;2;0;4;2m[48;2;5;4;7m▀[m[38;2;109;38;60m[48;2;85;53;73m▀[m[38;2;142;39;54m[48;2;118;51;53m▀[m[38;2;168;51;55m[48;2;147;61;58m▀[m[38;2;170;50;54m[48;2;154;58;57m▀[m[38;2;171;49;54m[48;2;155;58;57m▀[m[38;2;128;41;50m[48;2;104;50;56m▀[m[38;2;124;34;58m[48;2;89;53;67m▀[m[38;2;14;0;4m[48;2;53;0;1m▀[m[38;2;0;0;2m[48;2;0;2;0m▀[m[38;2;2;2;2m[48;2;0;0;0m▀[m[38;2;1;1;1m[48;2;0;0;0m▀[m[38;2;20;20;20m[48;2;20;20;20m▀[m[38;2;20;20;20m[48;2;20;20;20m▀[m[38;2;20;20;20m[48;2;20;20;20m▀[m
[38;2;20;20;20m[48;2;20;20;20m▀[m[38;2;20;20;20m[48;2;20;20;20m▀[m[38;2;20;20;20m[48;2;20;20;20m▀[m[38;2;20;20;20m[48;2;20;20;20m▀[m[38;2;20;20;20m[48;2;1;0;1m▀[m[38;2;27;27;27m[48;2;0;0;1m▀[m[38;2;0;0;1m[48;2;4;2;0m▀[m[38;2;151;18;51m[48;2;153;17;53m▀[m[38;2;4;0;0m[48;2;4;0;0m▀[m[38;2;3;3;3m[48;2;15;15;15m▀[m[38;2;0;0;0m[48;2;20;20;20m▀[m[38;2;20;20;20m[48;2;20;20;20m▀[m[38;2;20;20;20m[48;2;20;20;20m▀[m[38;2;20;20;20m[48;2;20;20;20m▀[m[38;2;20;20;20m[48;2;20;20;20m▀[m[38;2;20;20;20m[48;2;20;20;20m▀[m[38;2;20;20;20m[48;2;20;20;20m▀[m[38;2;20;20;20m[48;2;20;20;20m▀[m[38;2;20;20;20m[48;2;20;20;20m▀[m[38;2;20;20;20m[48;2;20;20;20m▀[m[38;2;20;20;20m[48;2;20;20;20m▀[m[38;2;20;20;20m[48;2;20;20;20m▀[m[38;2;20;20;20m[48;2;20;20;20m▀[m[38;2;20;20;20m[48;2;20;20;20m▀[m[38;2;20;20;20m[48;2;20;20;20m▀[m[38;2;20;20;20m[48;2;20;20;20m▀[m[38;2;0;0;0m[48;2;20;20;20m▀[m[38;2;0;0;0m[48;2;20;20;20m▀[m[38;2;0;0;0m[48;2;20;20;20m▀[m[38;2;1;1;1m[48;2;20;20;20m▀[m[38;2;1;1;1m[48;2;20;20;20m▀[m[38;2;2;3;4m[48;2;10;0;0m▀[m[38;2;25;0;0m[48;2;3;3;1m▀[m[38;2;214;55;72m[48;2;1;0;3m▀[m[38;2;8;0;6m[48;2;225;46;73m▀[m[38;2;0;9;4m[48;2;19;0;0m▀[m[38;2;4;0;0m[48;2;9;3;7m▀[m[38;2;20;20;20m[48;2;20;20;20m▀[m[38;2;20;20;20m[48;2;20;20;20m▀[m[38;2;20;20;20m[48;2;20;20;20m▀[m
[38;2;20;20;20m[48;2;20;20;20m▀[m[38;2;20;20;20m[48;2;20;20;20m▀[m[38;2;20;20;20m[48;2;20;20;20m▀[m[38;2;20;20;20m[48;2;20;20;20m▀[m[38;2;0;4;0m[48;2;1;2;0m▀[m[38;2;11;3;0m[48;2;21;1;0m▀[m[38;2;215;172;64m[48;2;210;91;52m▀[m[38;2;0;2;8m[48;2;0;2;4m▀[m[38;2;20;20;20m[48;2;20;20;20m▀[m[38;2;20;20;20m[48;2;20;20;20m▀[m[38;2;20;20;20m[48;2;20;20;20m▀[m[38;2;20;20;20m[48;2;20;20;20m▀[m[38;2;20;20;20m[48;2;20;20;20m▀[m[38;2;20;20;20m[48;2;20;20;20m▀[m[38;2;20;20;20m[48;2;20;20;20m▀[m[38;2;20;20;20m[48;2;20;20;20m▀[m[38;2;20;20;20m[48;2;20;20;20m▀[m[38;2;20;20;20m[48;2;20;20;20m▀[m[38;2;20;20;20m[48;2;20;20;20m▀[m[38;2;20;20;20m[48;2;20;20;20m▀[m[38;2;20;20;20m[48;2;20;20;20m▀[m[38;2;20;20;20m[48;2;20;20;20m▀[m[38;2;20;20;20m[48;2;20;20;20m▀[m[38;2;20;20;20m[48;2;20;20;20m▀[m[38;2;20;20;20m[48;2;20;20;20m▀[m[38;2;20;20;20m[48;2;20;20;20m▀[m[38;2;20;20;20m[48;2;20;20;20m▀[m[38;2;20;20;20m[48;2;20;20;20m▀[m[38;2;20;20;20m[48;2;20;20;20m▀[m[38;2;20;20;20m[48;2;20;20;20m▀[m[38;2;20;20;20m[48;2;20;20;20m▀[m[38;2;20;20;20m[48;2;20;20;20m▀[m[38;2;20;20;20m[48;2;20;20;20m▀[m[38;2;4;0;8m[48;2;15;15;16m▀[m[38;2;221;169;70m[48;2;71;43;29m▀[m[38;2;207;175;76m[48;2;205;87;57m▀[m[38;2;205;170;103m[48;2;181;103;85m▀[m[38;2;1;2;0m[48;2;17;22;30m▀[m[38;2;20;20;20m[48;2;5;5;6m▀[m[38;2;20;20;20m[48;2;20;20;20m▀[m
[38;2;20;20;20m[48;2;20;20;20m▀[m[38;2;20;20;20m[48;2;20;20;20m▀[m[38;2;20;20;20m[48;2;20;20;20m▀[m[38;2;20;20;20m[48;2;0;0;0m▀[m[38;2;15;7;8m[48;2;224;49;79m▀[m[38;2;46;0;1m[48;2;197;59;93m▀[m[38;2;200;62;89m[48;2;15;29;45m▀[m[38;2;0;1;0m[48;2;3;0;1m▀[m[38;2;20;20;20m[48;2;20;20;20m▀[m[38;2;20;20;20m[48;2;20;20;20m▀[m[38;2;20;20;20m[48;2;20;20;20m▀[m[38;2;20;20;20m[48;2;20;20;20m▀[m[38;2;20;20;20m[48;2;20;20;20m▀[m[38;2;20;20;20m[48;2;20;20;20m▀[m[38;2;20;20;20m[48;2;20;20;20m▀[m[38;2;20;20;20m[48;2;20;20;20m▀[m[38;2;20;20;20m[48;2;20;20;20m▀[m[38;2;20;20;20m[48;2;20;20;20m▀[m[38;2;20;20;20m[48;2;20;20;20m▀[m[38;2;20;20;20m[48;2;20;20;20m▀[m[38;2;20;20;20m[48;2;20;20;20m▀[m[38;2;20;20;20m[48;2;20;20;20m▀[m[38;2;20;20;20m[48;2;20;20;20m▀[m[38;2;20;20;20m[48;2;20;20;20m▀[m[38;2;20;20;20m[48;2;20;20;20m▀[m[38;2;20;20;20m[48;2;20;20;20m▀[m[38;2;20;20;20m[48;2;20;20;20m▀[m[38;2;20;20;20m[48;2;20;20;20m▀[m[38;2;20;20;20m[48;2;20;20;20m▀[m[38;2;20;20;20m[48;2;20;20;20m▀[m[38;2;20;20;20m[48;2;20;20;20m▀[m[38;2;20;20;20m[48;2;20;20;20m▀[m[38;2;20;20;20m[48;2;20;20;20m▀[m[38;2;20;20;20m[48;2;20;20;20m▀[m[38;2;0;0;0m[48;2;0;0;0m▀[m[38;2;200;61;89m[48;2;8;27;43m▀[m[38;2;161;79;97m[48;2;67;9;26m▀[m[38;2;38;21;37m[48;2;217;55;71m▀[m[38;2;0;0;3m[48;2;0;3;0m▀[m[38;2;20;20;20m[48;2;20;20;20m▀[m
[m[38;2;20;20;20m▀[m[m[38;2;20;20;20m▀[m[m[38;2;20;20;20m▀[m[m[38;2;20;20;20m▀[m[m[38;2;20;20;20m▀[m[m[38;2;20;20;20m▀[m[m[38;2;20;20;20m▀[m[m[38;2;20;20;20m▀[m[m[38;2;20;20;20m▀[m[m[38;2;20;20;20m▀[m[m[38;2;20;20;20m▀[m[m[38;2;20;20;20m▀[m[m[38;2;20;20;20m▀[m[m[38;2;20;20;20m▀[m[m[38;2;20;20;20m▀[m[m[38;2;20;20;20m▀[m[m[38;2;20;20;20m▀[m[m[38;2;20;20;20m▀[m[m[38;2;20;20;20m▀[m[m[38;2;20;20;20m▀[m[m[38;2;20;20;20m▀[m[m[38;2;20;20;20m▀[m[m[38;2;20;20;20m▀[m[m[38;2;20;20;20m▀[m[m[38;2;20;20;20m▀[m[m[38;2;20;20;20m▀[m[m[38;2;20;20;20m▀[m[m[38;2;20;20;20m▀[m[m[38;2;20;20;20m▀[m[m[38;2;20;20;20m▀[m[m[38;2;20;20;20m▀[m[m[38;2;20;20;20m▀[m[m[38;2;20;20;20m▀[m[m[38;2;20;20;20m▀[m[m[38;2;20;20;20m▀[m[m[38;2;8;2;5m▀[m[m[38;2;53;0;0m▀[m[m[38;2;227;49;73m▀[m[m[38;2;9;0;2m▀[m[m[38;2;20;20;20m▀[m
