[38;2;0;0;0m[48;2;0;0;0m▀[m[38;2;0;0;0m[48;2;0;0;0m▀[m[38;2;0;0;0m[48;2;0;0;0m▀[m[38;2;0;0;0m[48;2;0;0;0m▀[m[38;2;0;0;0m[48;2;0;0;0m▀[m[38;2;0;0;0m[48;2;0;0;0m▀[m[38;2;0;0;0m[48;2;0;0;0m▀[m[38;2;0;0;0m[48;2;0;0;0m▀[m[38;2;0;0;0m[48;2;0;0;0m▀[m[38;2;0;0;0m[48;2;0;0;0m▀[m[38;2;0;0;0m[48;2;0;0;0m▀[m[38;2;0;0;0m[48;2;0;0;0m▀[m[38;2;0;0;0m[48;2;0;0;0m▀[m[38;2;0;0;0m[48;2;0;0;0m▀[m[38;2;0;0;0m[48;2;0;0;0m▀[m[38;2;0;0;0m[48;2;0;0;0m▀[m[38;2;0;0;0m[48;2;0;0;0m▀[m[38;2;0;0;0m[48;2;0;0;0m▀[m[38;2;0;0;0m[48;2;0;0;0m▀[m[38;2;0;0;0m[48;2;0;0;0m▀[m[38;2;0;0;0m[48;2;0;0;0m▀[m[38;2;0;0;0m[48;2;0;0;0m▀[m[38;2;0;0;0m[48;2;0;0;0m▀[m[38;2;0;0;0m[48;2;0;0;0m▀[m[38;2;0;0;0m[48;2;0;0;0m▀[m[38;2;0;0;0m[48;2;0;0;0m▀[m[38;2;0;0;0m[48;2;0;0;0m▀[m[38;2;0;0;0m[48;2;0;0;0m▀[m[38;2;0;0;0m[48;2;0;0;0m▀[m[38;2;0;0;0m[48;2;0;0;0m▀[m[38;2;0;0;0m[48;2;0;0;0m▀[m[38;2;0;0;0m[48;2;0;0;0m▀[m[38;2;0;0;0m[48;2;0;0;0m▀[m[38;2;0;0;0m[48;2;0;0;0m▀[m[38;2;0;0;0m[48;2;0;0;0m▀[m[38;2;0;0;0m[48;2;0;0;0m▀[m[38;2;0;0;0m[48;2;0;0;0m▀[m[38;2;0;0;0m[48;2;0;0;0m▀[m[38;2;0;0;0m[48;2;0;0;0m▀[m[38;2;0;0;0m[48;2;0;0;0m▀[m[38;2;0;0;0m[48;2;0;0;0m▀[m[38;2;0;0;0m[48;2;0;0;0m▀[m
[38;2;0;0;0m[48;2;0;0;0m▀[m[38;2;0;0;0m[48;2;0;0;0m▀[m[38;2;0;0;0m[48;2;0;0;0m▀[m[38;2;0;0;0m[48;2;0;0;0m▀[m[38;2;0;0;0m[48;2;0;0;0m▀[m[38;2;0;0;0m[48;2;0;0;0m▀[m[38;2;0;0;0m[48;2;0;0;0m▀[m[38;2;0;0;0m[48;2;0;0;0m▀[m[38;2;0;0;0m[48;2;0;0;0m▀[m[38;2;0;0;0m[48;2;0;0;0m▀[m[38;2;0;0;0m[48;2;0;0;0m▀[m[38;2;0;0;0m[48;2;0;0;0m▀[m[38;2;0;0;0m[48;2;0;0;0m▀[m[38;2;0;0;0m[48;2;0;0;0m▀[m[38;2;0;0;0m[48;2;0;0;0m▀[m[38;2;0;0;0m[48;2;0;0;0m▀[m[38;2;0;0;0m[48;2;0;0;0m▀[m[38;2;0;0;0m[48;2;0;0;0m▀[m[38;2;0;0;0m[48;2;3;3;3m▀[m[38;2;0;0;0m[48;2;0;0;1m▀[m[38;2;0;0;0m[48;2;79;20;93m▀[m[38;2;0;1;0m[48;2;191;127;208m▀[m[38;2;0;0;0m[48;2;197;195;202m▀[m[38;2;0;0;0m[48;2;196;197;196m▀[m[38;2;0;0;0m[48;2;0;0;0m▀[m[38;2;0;0;0m[48;2;3;3;1m▀[m[38;2;0;0;0m[48;2;0;0;0m▀[m[38;2;0;0;0m[48;2;0;0;0m▀[m[38;2;0;0;0m[48;2;0;0;0m▀[m[38;2;0;0;0m[48;2;0;0;0m▀[m[38;2;0;0;0m[48;2;0;0;0m▀[m[38;2;0;0;0m[48;2;0;0;0m▀[m[38;2;0;0;0m[48;2;0;0;0m▀[m[38;2;0;0;0m[48;2;0;0;0m▀[m[38;2;0;0;0m[48;2;0;0;0m▀[m[38;2;0;0;0m[48;2;0;0;0m▀[m[38;2;0;0;0m[48;2;0;0;0m▀[m[38;2;0;0;0m[48;2;0;0;0m▀[m[38;2;0;0;0m[48;2;0;0;0m▀[m[38;2;0;0;0m[48;2;0;0;0m▀[m[38;2;0;0;0m[48;2;0;0;0m▀[m[38;2;0;0;0m[48;2;0;0;0m▀[m
[38;2;0;0;0m[48;2;0;0;0m▀[m[38;2;0;0;0m[48;2;0;0;0m▀[m[38;2;0;0;0m[48;2;0;0;0m▀[m[38;2;0;0;0m[48;2;0;0;0m▀[m[38;2;0;0;0m[48;2;0;0;0m▀[m[38;2;0;0;0m[48;2;0;0;0m▀[m[38;2;0;0;0m[48;2;0;0;0m▀[m[38;2;0;0;0m[48;2;0;0;0m▀[m[38;2;0;0;0m[48;2;0;0;0m▀[m[38;2;0;0;0m[48;2;0;0;0m▀[m[38;2;0;0;0m[48;2;0;0;0m▀[m[38;2;0;0;0m[48;2;0;0;0m▀[m[38;2;0;0;0m[48;2;0;0;0m▀[m[38;2;0;0;0m[48;2;0;0;0m▀[m[38;2;0;0;0m[48;2;0;0;0m▀[m[38;2;0;0;0m[48;2;0;0;0m▀[m[38;2;0;0;0m[48;2;1;1;1m▀[m[38;2;0;0;0m[48;2;198;198;200m▀[m[38;2;200;200;202m[48;2;198;198;200m▀[m[38;2;199;199;201m[48;2;198;198;200m▀[m[38;2;254;255;254m[48;2;199;199;201m▀[m[38;2;254;254;254m[48;2;252;252;252m▀[m[38;2;199;131;214m[48;2;255;255;255m▀[m[38;2;204;131;220m[48;2;255;255;255m▀[m[38;2;79;18;95m[48;2;255;254;254m▀[m[38;2;80;20;94m[48;2;255;255;255m▀[m[38;2;1;1;1m[48;2;198;198;200m▀[m[38;2;0;0;0m[48;2;0;0;0m▀[m[38;2;0;0;0m[48;2;0;0;0m▀[m[38;2;0;0;0m[48;2;0;0;0m▀[m[38;2;0;0;0m[48;2;0;0;0m▀[m[38;2;0;0;0m[48;2;0;0;0m▀[m[38;2;0;0;0m[48;2;0;0;0m▀[m[38;2;0;0;0m[48;2;0;0;0m▀[m[38;2;0;0;0m[48;2;0;0;0m▀[m[38;2;0;0;0m[48;2;0;0;0m▀[m[38;2;0;0;0m[48;2;0;0;0m▀[m[38;2;0;0;0m[48;2;0;0;0m▀[m[38;2;0;0;0m[48;2;0;0;0m▀[m[38;2;0;0;0m[48;2;0;0;0m▀[m[38;2;0;0;0m[48;2;0;0;0m▀[m[38;2;0;0;0m[48;2;0;0;0m▀[m
[38;2;0;0;0m[48;2;0;0;0m▀[m[38;2;0;0;0m[48;2;0;0;0m▀[m[38;2;0;0;0m[48;2;0;0;0m▀[m[38;2;0;0;0m[48;2;0;0;0m▀[m[38;2;0;0;0m[48;2;0;0;0m▀[m[38;2;0;0;0m[48;2;0;0;0m▀[m[38;2;0;0;0m[48;2;0;0;0m▀[m[38;2;0;0;0m[48;2;0;0;0m▀[m[38;2;0;0;0m[48;2;0;0;0m▀[m[38;2;0;0;0m[48;2;0;0;0m▀[m[38;2;0;0;0m[48;2;0;0;0m▀[m[38;2;0;0;0m[48;2;0;0;0m▀[m[38;2;0;0;0m[48;2;0;0;0m▀[m[38;2;0;0;0m[48;2;0;0;0m▀[m[38;2;0;0;0m[48;2;0;0;0m▀[m[38;2;0;0;0m[48;2;1;1;1m▀[m[38;2;0;0;0m[48;2;106;106;106m▀[m[38;2;107;107;107m[48;2;106;106;106m▀[m[38;2;106;106;106m[48;2;107;107;107m▀[m[38;2;105;105;105m[48;2;199;199;201m▀[m[38;2;198;198;200m[48;2;255;255;255m▀[m[38;2;198;198;200m[48;2;254;254;254m▀[m[38;2;198;198;200m[48;2;254;254;254m▀[m[38;2;255;255;255m[48;2;254;254;254m▀[m[38;2;254;254;254m[48;2;254;254;254m▀[m[38;2;255;255;255m[48;2;254;254;254m▀[m[38;2;255;255;255m[48;2;199;199;201m▀[m[38;2;254;254;254m[48;2;254;254;254m▀[m[38;2;0;0;0m[48;2;1;1;1m▀[m[38;2;0;0;0m[48;2;0;0;0m▀[m[38;2;0;0;0m[48;2;0;0;0m▀[m[38;2;0;0;0m[48;2;0;0;0m▀[m[38;2;0;0;0m[48;2;0;0;0m▀[m[38;2;0;0;0m[48;2;0;0;0m▀[m[38;2;0;0;0m[48;2;0;0;0m▀[m[38;2;0;0;0m[48;2;0;0;0m▀[m[38;2;0;0;0m[48;2;0;0;0m▀[m[38;2;0;0;0m[48;2;0;0;0m▀[m[38;2;0;0;0m[48;2;0;0;0m▀[m[38;2;0;0;0m[48;2;0;0;0m▀[m[38;2;0;0;0m[48;2;0;0;0m▀[m[38;2;0;0;0m[48;2;0;0;0m▀[m
[38;2;0;0;0m[48;2;0;0;0m▀[m[38;2;0;0;0m[48;2;0;0;0m▀[m[38;2;0;0;0m[48;2;0;0;0m▀[m[38;2;0;0;0m[48;2;0;0;0m▀[m[38;2;0;0;0m[48;2;0;0;0m▀[m[38;2;0;0;0m[48;2;0;0;0m▀[m[38;2;0;0;0m[48;2;0;0;0m▀[m[38;2;0;0;0m[48;2;0;0;0m▀[m[38;2;0;0;0m[48;2;0;0;0m▀[m[38;2;0;0;0m[48;2;0;0;0m▀[m[38;2;0;0;0m[48;2;0;0;0m▀[m[38;2;0;0;0m[48;2;0;0;0m▀[m[38;2;0;0;0m[48;2;0;0;0m▀[m[38;2;0;0;0m[48;2;0;0;0m▀[m[38;2;0;0;0m[48;2;0;12;0m▀[m[38;2;0;0;0m[48;2;0;11;0m▀[m[38;2;106;106;106m[48;2;110;110;110m▀[m[38;2;104;104;104m[48;2;193;210;189m▀[m[38;2;197;199;194m[48;2;48;125;14m▀[m[38;2;251;254;249m[48;2;48;125;16m▀[m[38;2;251;255;249m[48;2;52;122;17m▀[m[38;2;251;254;249m[48;2;103;202;44m▀[m[38;2;251;255;249m[48;2;99;212;29m▀[m[38;2;255;255;255m[48;2;188;216;169m▀[m[38;2;254;254;254m[48;2;241;255;231m▀[m[38;2;254;254;254m[48;2;255;255;255m▀[m[38;2;254;254;254m[48;2;255;255;255m▀[m[38;2;198;198;200m[48;2;254;254;255m▀[m[38;2;254;254;254m[48;2;200;200;202m▀[m[38;2;2;2;2m[48;2;2;2;2m▀[m[38;2;0;0;0m[48;2;0;0;0m▀[m[38;2;0;0;0m[48;2;0;0;0m▀[m[38;2;0;0;0m[48;2;0;0;0m▀[m[38;2;0;0;0m[48;2;0;0;0m▀[m[38;2;0;0;0m[48;2;0;0;0m▀[m[38;2;0;0;0m[48;2;0;0;0m▀[m[38;2;0;0;0m[48;2;0;0;0m▀[m[38;2;0;0;0m[48;2;0;0;0m▀[m[38;2;0;0;0m[48;2;0;0;0m▀[m[38;2;0;0;0m[48;2;0;0;0m▀[m[38;2;0;0;0m[48;2;0;0;0m▀[m[38;2;0;0;0m[48;2;0;0;0m▀[m
[38;2;0;0;0m[48;2;0;0;0m▀[m[38;2;0;0;0m[48;2;0;0;0m▀[m[38;2;0;0;0m[48;2;0;0;0m▀[m[38;2;0;0;0m[48;2;0;0;0m▀[m[38;2;0;0;0m[48;2;0;0;0m▀[m[38;2;0;0;0m[48;2;0;0;0m▀[m[38;2;0;0;0m[48;2;0;0;0m▀[m[38;2;0;0;0m[48;2;0;0;0m▀[m[38;2;0;0;0m[48;2;0;0;0m▀[m[38;2;0;0;0m[48;2;0;0;0m▀[m[38;2;0;0;0m[48;2;0;0;0m▀[m[38;2;0;0;0m[48;2;0;0;0m▀[m[38;2;0;0;0m[48;2;0;0;0m▀[m[38;2;0;0;0m[48;2;0;0;0m▀[m[38;2;0;11;0m[48;2;0;0;0m▀[m[38;2;44;127;0m[48;2;0;1;0m▀[m[38;2;112;205;61m[48;2;0;1;0m▀[m[38;2;49;124;16m[48;2;97;209;36m▀[m[38;2;48;124;16m[48;2;0;3;0m▀[m[38;2;48;125;16m[48;2;0;2;0m▀[m[38;2;61;120;28m[48;2;49;124;16m▀[m[38;2;0;8;0m[48;2;0;15;0m▀[m[38;2;0;11;0m[48;2;109;109;109m▀[m[38;2;101;211;35m[48;2;0;2;0m▀[m[38;2;98;213;33m[48;2;98;210;38m▀[m[38;2;107;198;58m[48;2;99;212;34m▀[m[38;2;54;115;27m[48;2;53;125;17m▀[m[38;2;54;115;29m[48;2;99;213;38m▀[m[38;2;0;0;0m[48;2;102;207;41m▀[m[38;2;2;2;2m[48;2;1;2;4m▀[m[38;2;0;0;0m[48;2;0;0;0m▀[m[38;2;0;0;0m[48;2;0;0;0m▀[m[38;2;0;0;0m[48;2;0;0;0m▀[m[38;2;0;0;0m[48;2;0;0;0m▀[m[38;2;0;0;0m[48;2;0;0;0m▀[m[38;2;0;0;0m[48;2;0;0;0m▀[m[38;2;0;0;0m[48;2;0;0;0m▀[m[38;2;0;0;0m[48;2;0;0;0m▀[m[38;2;0;0;0m[48;2;0;0;0m▀[m[38;2;0;0;0m[48;2;0;0;0m▀[m[38;2;0;0;0m[48;2;0;0;0m▀[m[38;2;0;0;0m[48;2;0;0;0m▀[m
[38;2;0;0;0m[48;2;0;0;0m▀[m[38;2;0;0;0m[48;2;0;0;0m▀[m[38;2;0;0;0m[48;2;0;0;0m▀[m[38;2;0;0;0m[48;2;0;0;0m▀[m[38;2;0;0;0m[48;2;0;0;0m▀[m[38;2;0;0;0m[48;2;0;0;0m▀[m[38;2;0;0;0m[48;2;0;0;0m▀[m[38;2;0;0;0m[48;2;0;0;0m▀[m[38;2;0;0;0m[48;2;0;0;0m▀[m[38;2;0;0;0m[48;2;0;0;0m▀[m[38;2;0;0;0m[48;2;0;0;0m▀[m[38;2;0;0;0m[48;2;0;0;0m▀[m[38;2;0;0;0m[48;2;0;0;0m▀[m[38;2;0;0;0m[48;2;0;0;0m▀[m[38;2;0;0;0m[48;2;0;0;0m▀[m[38;2;1;1;1m[48;2;0;0;0m▀[m[38;2;51;123;16m[48;2;0;2;0m▀[m[38;2;48;125;9m[48;2;49;123;8m▀[m[38;2;105;211;43m[48;2;102;212;44m▀[m[38;2;0;1;0m[48;2;0;1;0m▀[m[38;2;48;125;16m[48;2;48;125;16m▀[m[38;2;0;14;0m[48;2;52;124;16m▀[m[38;2;255;254;254m[48;2;52;122;11m▀[m[38;2;255;255;255m[48;2;249;254;248m▀[m[38;2;0;3;0m[48;2;3;1;2m▀[m[38;2;0;2;0m[48;2;54;124;10m▀[m[38;2;51;124;15m[48;2;49;126;14m▀[m[38;2;97;212;33m[48;2;97;213;40m▀[m[38;2;99;214;35m[48;2;0;0;1m▀[m[38;2;1;2;4m[48;2;0;0;0m▀[m[38;2;0;0;0m[48;2;0;0;0m▀[m[38;2;0;0;0m[48;2;0;0;0m▀[m[38;2;0;0;0m[48;2;0;0;0m▀[m[38;2;0;0;0m[48;2;0;0;0m▀[m[38;2;0;0;0m[48;2;0;0;0m▀[m[38;2;0;0;0m[48;2;0;0;0m▀[m[38;2;0;0;0m[48;2;0;0;0m▀[m[38;2;0;0;0m[48;2;0;0;0m▀[m[38;2;0;0;0m[48;2;0;0;0m▀[m[38;2;0;0;0m[48;2;0;0;0m▀[m[38;2;0;0;0m[48;2;0;0;0m▀[m[38;2;0;0;0m[48;2;0;0;0m▀[m
[38;2;0;0;0m[48;2;0;0;0m▀[m[38;2;0;0;0m[48;2;0;0;0m▀[m[38;2;0;0;0m[48;2;0;0;0m▀[m[38;2;0;0;0m[48;2;0;0;0m▀[m[38;2;0;0;0m[48;2;0;0;0m▀[m[38;2;0;0;0m[48;2;0;0;0m▀[m[38;2;0;0;0m[48;2;0;0;0m▀[m[38;2;0;0;0m[48;2;0;0;0m▀[m[38;2;0;0;0m[48;2;0;0;0m▀[m[38;2;0;0;0m[48;2;0;0;0m▀[m[38;2;0;0;0m[48;2;0;0;0m▀[m[38;2;0;0;0m[48;2;0;0;0m▀[m[38;2;0;0;0m[48;2;0;0;0m▀[m[38;2;0;0;0m[48;2;0;0;0m▀[m[38;2;0;0;0m[48;2;0;0;0m▀[m[38;2;0;0;0m[48;2;0;0;0m▀[m[38;2;0;0;0m[48;2;255;255;255m▀[m[38;2;0;0;0m[48;2;253;253;253m▀[m[38;2;1;0;0m[48;2;201;201;203m▀[m[38;2;0;0;0m[48;2;0;0;0m▀[m[38;2;48;126;14m[48;2;0;5;0m▀[m[38;2;51;125;14m[48;2;51;125;14m▀[m[38;2;97;216;35m[48;2;49;124;16m▀[m[38;2;98;213;31m[48;2;97;211;35m▀[m[38;2;97;212;31m[48;2;97;212;33m▀[m[38;2;97;211;35m[48;2;98;213;34m▀[m[38;2;97;212;34m[48;2;95;214;35m▀[m[38;2;3;0;4m[48;2;0;0;0m▀[m[38;2;0;0;0m[48;2;1;1;1m▀[m[38;2;0;0;0m[48;2;0;0;0m▀[m[38;2;0;0;0m[48;2;0;0;0m▀[m[38;2;0;0;0m[48;2;0;0;0m▀[m[38;2;0;0;0m[48;2;0;0;0m▀[m[38;2;0;0;0m[48;2;0;0;0m▀[m[38;2;0;0;0m[48;2;0;0;0m▀[m[38;2;0;0;0m[48;2;0;0;0m▀[m[38;2;0;0;0m[48;2;0;0;0m▀[m[38;2;0;0;0m[48;2;0;0;0m▀[m[38;2;0;0;0m[48;2;0;0;0m▀[m[38;2;0;0;0m[48;2;0;0;0m▀[m[38;2;0;0;0m[48;2;0;0;0m▀[m[38;2;0;0;0m[48;2;0;0;0m▀[m
[38;2;0;0;0m[48;2;0;0;0m▀[m[38;2;0;0;0m[48;2;0;0;0m▀[m[38;2;0;0;0m[48;2;0;0;0m▀[m[38;2;0;0;0m[48;2;0;0;0m▀[m[38;2;0;0;0m[48;2;0;0;0m▀[m[38;2;0;0;0m[48;2;0;0;0m▀[m[38;2;0;0;0m[48;2;0;0;0m▀[m[38;2;0;0;0m[48;2;0;0;0m▀[m[38;2;0;0;0m[48;2;0;0;0m▀[m[38;2;0;0;0m[48;2;0;0;0m▀[m[38;2;0;0;0m[48;2;0;0;0m▀[m[38;2;2;2;2m[48;2;202;202;204m▀[m[38;2;3;3;3m[48;2;255;255;255m▀[m[38;2;3;3;3m[48;2;254;254;254m▀[m[38;2;3;3;3m[48;2;255;255;255m▀[m[38;2;4;4;4m[48;2;254;254;254m▀[m[38;2;198;198;200m[48;2;255;255;255m▀[m[38;2;253;253;253m[48;2;199;199;201m▀[m[38;2;199;199;201m[48;2;198;198;200m▀[m[38;2;255;255;255m[48;2;254;254;254m▀[m[38;2;255;255;255m[48;2;255;255;255m▀[m[38;2;61;111;35m[48;2;253;251;253m▀[m[38;2;51;124;14m[48;2;51;118;17m▀[m[38;2;97;211;35m[48;2;100;209;39m▀[m[38;2;97;212;33m[48;2;99;210;42m▀[m[38;2;94;211;31m[48;2;5;2;6m▀[m[38;2;2;0;3m[48;2;198;198;200m▀[m[38;2;252;252;252m[48;2;254;254;254m▀[m[38;2;0;0;0m[48;2;199;199;201m▀[m[38;2;3;3;3m[48;2;254;254;254m▀[m[38;2;3;3;3m[48;2;254;254;254m▀[m[38;2;27;27;27m[48;2;152;152;154m▀[m[38;2;0;0;0m[48;2;0;0;0m▀[m[38;2;0;0;0m[48;2;0;0;0m▀[m[38;2;0;0;0m[48;2;0;0;0m▀[m[38;2;0;0;0m[48;2;0;0;0m▀[m[38;2;0;0;0m[48;2;0;0;0m▀[m[38;2;0;0;0m[48;2;0;0;0m▀[m[38;2;0;0;0m[48;2;0;0;0m▀[m[38;2;0;0;0m[48;2;0;0;0m▀[m[38;2;0;0;0m[48;2;0;0;0m▀[m[38;2;0;0;0m[48;2;0;0;0m▀[m
[38;2;0;0;0m[48;2;0;0;0m▀[m[38;2;0;0;0m[48;2;0;0;0m▀[m[38;2;0;0;0m[48;2;0;0;0m▀[m[38;2;0;0;0m[48;2;0;0;0m▀[m[38;2;0;0;0m[48;2;0;0;0m▀[m[38;2;0;0;0m[48;2;0;0;0m▀[m[38;2;0;0;0m[48;2;0;0;0m▀[m[38;2;0;0;0m[48;2;0;0;0m▀[m[38;2;0;0;0m[48;2;0;0;0m▀[m[38;2;0;0;0m[48;2;0;0;0m▀[m[38;2;254;254;254m[48;2;16;16;16m▀[m[38;2;254;254;254m[48;2;16;16;16m▀[m[38;2;254;254;254m[48;2;101;101;101m▀[m[38;2;254;254;254m[48;2;100;100;100m▀[m[38;2;254;254;254m[48;2;107;107;107m▀[m[38;2;255;255;255m[48;2;192;192;194m▀[m[38;2;254;254;254m[48;2;250;250;250m▀[m[38;2;255;255;255m[48;2;250;250;250m▀[m[38;2;255;255;255m[48;2;250;250;250m▀[m[38;2;197;197;199m[48;2;250;250;250m▀[m[38;2;198;198;200m[48;2;187;192;186m▀[m[38;2;253;253;253m[48;2;0;21;0m▀[m[38;2;1;0;0m[48;2;1;31;0m▀[m[38;2;0;0;2m[48;2;235;237;234m▀[m[38;2;0;0;2m[48;2;236;236;236m▀[m[38;2;255;255;255m[48;2;1;25;0m▀[m[38;2;254;254;254m[48;2;1;30;0m▀[m[38;2;199;199;201m[48;2;1;30;0m▀[m[38;2;199;199;201m[48;2;1;30;0m▀[m[38;2;254;254;254m[48;2;236;236;236m▀[m[38;2;254;254;254m[48;2;254;232;241m▀[m[38;2;242;242;243m[48;2;236;248;228m▀[m[38;2;254;254;254m[48;2;236;236;236m▀[m[38;2;254;254;254m[48;2;16;16;16m▀[m[38;2;0;0;0m[48;2;0;0;0m▀[m[38;2;0;0;0m[48;2;0;0;0m▀[m[38;2;0;0;0m[48;2;0;0;0m▀[m[38;2;0;0;0m[48;2;0;0;0m▀[m[38;2;0;0;0m[48;2;0;0;0m▀[m[38;2;0;0;0m[48;2;0;0;0m▀[m[38;2;0;0;0m[48;2;0;0;0m▀[m[38;2;0;0;0m[48;2;0;0;0m▀[m
[38;2;0;0;0m[48;2;0;0;0m▀[m[38;2;0;0;0m[48;2;0;0;0m▀[m[38;2;0;0;0m[48;2;0;0;0m▀[m[38;2;0;0;0m[48;2;0;0;0m▀[m[38;2;0;0;0m[48;2;0;0;0m▀[m[38;2;0;0;0m[48;2;0;0;0m▀[m[38;2;0;0;0m[48;2;0;0;0m▀[m[38;2;0;0;0m[48;2;0;0;0m▀[m[38;2;0;0;0m[48;2;0;0;0m▀[m[38;2;0;0;0m[48;2;0;0;0m▀[m[38;2;0;0;0m[48;2;0;0;0m▀[m[38;2;0;0;0m[48;2;0;0;0m▀[m[38;2;0;0;0m[48;2;0;0;0m▀[m[38;2;0;0;0m[48;2;0;0;0m▀[m[38;2;107;107;107m[48;2;252;252;252m▀[m[38;2;107;107;107m[48;2;1;1;1m▀[m[38;2;103;104;102m[48;2;76;20;91m▀[m[38;2;228;111;147m[48;2;6;0;0m▀[m[38;2;222;114;147m[48;2;249;56;115m▀[m[38;2;0;0;0m[48;2;62;117;21m▀[m[38;2;125;206;76m[48;2;240;60;106m▀[m[38;2;0;5;0m[48;2;241;107;147m▀[m[38;2;0;9;0m[48;2;239;108;148m▀[m[38;2;215;60;62m[48;2;109;206;43m▀[m[38;2;224;57;55m[48;2;238;49;46m▀[m[38;2;213;62;37m[48;2;236;49;46m▀[m[38;2;94;215;29m[48;2;0;0;0m▀[m[38;2;48;126;3m[48;2;0;2;0m▀[m[38;2;0;8;0m[48;2;248;55;114m▀[m[38;2;5;0;0m[48;2;52;121;22m▀[m[38;2;244;57;116m[48;2;246;102;145m▀[m[38;2;175;153;101m[48;2;179;87;82m▀[m[38;2;0;5;0m[48;2;0;3;1m▀[m[38;2;0;0;0m[48;2;0;0;0m▀[m[38;2;0;0;0m[48;2;0;0;0m▀[m[38;2;0;0;0m[48;2;0;0;0m▀[m[38;2;0;0;0m[48;2;0;0;0m▀[m[38;2;0;0;0m[48;2;0;0;0m▀[m[38;2;0;0;0m[48;2;0;0;0m▀[m[38;2;0;0;0m[48;2;0;0;0m▀[m[38;2;0;0;0m[48;2;0;0;0m▀[m[38;2;0;0;0m[48;2;0;0;0m▀[m
[38;2;0;0;0m[48;2;0;0;0m▀[m[38;2;0;0;0m[48;2;0;0;0m▀[m[38;2;0;0;0m[48;2;0;0;0m▀[m[38;2;0;0;0m[48;2;0;0;0m▀[m[38;2;0;0;0m[48;2;0;0;0m▀[m[38;2;0;0;0m[48;2;0;0;0m▀[m[38;2;0;0;0m[48;2;0;0;0m▀[m[38;2;0;0;0m[48;2;0;0;0m▀[m[38;2;0;0;0m[48;2;0;0;0m▀[m[38;2;0;0;0m[48;2;0;0;0m▀[m[38;2;0;0;0m[48;2;0;0;0m▀[m[38;2;0;0;0m[48;2;0;0;0m▀[m[38;2;3;3;3m[48;2;2;2;2m▀[m[38;2;202;202;204m[48;2;254;254;254m▀[m[38;2;254;254;254m[48;2;255;255;255m▀[m[38;2;1;1;1m[48;2;104;104;104m▀[m[38;2;81;21;95m[48;2;1;2;1m▀[m[38;2;197;132;214m[48;2;201;130;221m▀[m[38;2;5;0;0m[48;2;199;130;216m▀[m[38;2;49;125;12m[48;2;0;2;1m▀[m[38;2;48;123;5m[48;2;0;4;0m▀[m[38;2;99;211;34m[48;2;98;204;45m▀[m[38;2;99;211;32m[48;2;96;211;37m▀[m[38;2;95;212;36m[48;2;2;5;0m▀[m[38;2;0;0;0m[48;2;199;199;202m▀[m[38;2;3;0;0m[48;2;200;199;199m▀[m[38;2;252;54;116m[48;2;1;0;0m▀[m[38;2;254;53;116m[48;2;0;1;0m▀[m[38;2;51;122;12m[48;2;0;2;0m▀[m[38;2;55;122;19m[48;2;50;125;12m▀[m[38;2;0;0;0m[48;2;54;121;20m▀[m[38;2;0;1;0m[48;2;38;36;37m▀[m[38;2;26;26;26m[48;2;0;0;0m▀[m[38;2;0;0;0m[48;2;0;0;0m▀[m[38;2;0;0;0m[48;2;0;0;0m▀[m[38;2;0;0;0m[48;2;0;0;0m▀[m[38;2;0;0;0m[48;2;0;0;0m▀[m[38;2;0;0;0m[48;2;0;0;0m▀[m[38;2;0;0;0m[48;2;0;0;0m▀[m[38;2;0;0;0m[48;2;0;0;0m▀[m[38;2;0;0;0m[48;2;0;0;0m▀[m[38;2;0;0;0m[48;2;0;0;0m▀[m
[38;2;0;0;0m[48;2;0;0;0m▀[m[38;2;0;0;0m[48;2;0;0;0m▀[m[38;2;0;0;0m[48;2;0;0;0m▀[m[38;2;0;0;0m[48;2;0;0;0m▀[m[38;2;0;0;0m[48;2;0;0;0m▀[m[38;2;0;0;0m[48;2;0;0;0m▀[m[38;2;0;0;0m[48;2;0;0;0m▀[m[38;2;0;0;0m[48;2;0;0;0m▀[m[38;2;0;0;0m[48;2;0;0;0m▀[m[38;2;0;0;0m[48;2;0;0;0m▀[m[38;2;0;0;0m[48;2;0;0;0m▀[m[38;2;0;0;0m[48;2;1;1;1m▀[m[38;2;2;2;2m[48;2;252;252;252m▀[m[38;2;254;254;254m[48;2;253;253;253m▀[m[38;2;106;106;106m[48;2;108;108;108m▀[m[38;2;198;198;200m[48;2;198;198;200m▀[m[38;2;197;197;199m[48;2;198;198;200m▀[m[38;2;0;0;0m[48;2;107;107;107m▀[m[38;2;0;0;0m[48;2;106;106;106m▀[m[38;2;82;20;97m[48;2;1;0;5m▀[m[38;2;73;26;88m[48;2;78;19;94m▀[m[38;2;0;0;0m[48;2;79;22;92m▀[m[38;2;0;1;0m[48;2;79;22;91m▀[m[38;2;195;130;214m[48;2;79;21;90m▀[m[38;2;203;130;220m[48;2;82;20;95m▀[m[38;2;204;131;221m[48;2;82;20;95m▀[m[38;2;200;131;220m[48;2;78;22;93m▀[m[38;2;200;127;216m[48;2;3;2;0m▀[m[38;2;0;1;0m[48;2;200;200;202m▀[m[38;2;0;0;0m[48;2;2;2;2m▀[m[38;2;0;0;0m[48;2;0;0;0m▀[m[38;2;0;0;0m[48;2;0;0;0m▀[m[38;2;0;0;0m[48;2;0;0;0m▀[m[38;2;0;0;0m[48;2;0;0;0m▀[m[38;2;0;0;0m[48;2;0;0;0m▀[m[38;2;0;0;0m[48;2;0;0;0m▀[m[38;2;0;0;0m[48;2;0;0;0m▀[m[38;2;0;0;0m[48;2;0;0;0m▀[m[38;2;0;0;0m[48;2;0;0;0m▀[m[38;2;0;0;0m[48;2;0;0;0m▀[m[38;2;0;0;0m[48;2;0;0;0m▀[m[38;2;0;0;0m[48;2;0;0;0m▀[m
[38;2;0;0;0m[48;2;0;0;0m▀[m[38;2;0;0;0m[48;2;0;0;0m▀[m[38;2;0;0;0m[48;2;0;0;0m▀[m[38;2;0;0;0m[48;2;0;0;0m▀[m[38;2;0;0;0m[48;2;0;0;0m▀[m[38;2;0;0;0m[48;2;0;0;0m▀[m[38;2;0;0;0m[48;2;0;0;0m▀[m[38;2;0;0;0m[48;2;0;0;0m▀[m[38;2;0;0;0m[48;2;0;0;0m▀[m[38;2;0;0;0m[48;2;0;0;0m▀[m[38;2;0;0;0m[48;2;86;86;86m▀[m[38;2;2;2;2m[48;2;255;255;255m▀[m[38;2;254;254;254m[48;2;254;254;254m▀[m[38;2;105;105;105m[48;2;107;107;107m▀[m[38;2;200;200;202m[48;2;200;200;202m▀[m[38;2;198;198;200m[48;2;198;198;200m▀[m[38;2;198;198;200m[48;2;197;197;199m▀[m[38;2;107;107;107m[48;2;107;107;107m▀[m[38;2;106;106;106m[48;2;106;106;106m▀[m[38;2;107;107;107m[48;2;105;105;105m▀[m[38;2;0;0;37m[48;2;0;2;28m▀[m[38;2;2;18;255m[48;2;6;124;250m▀[m[38;2;2;18;255m[48;2;9;122;247m▀[m[38;2;0;21;252m[48;2;0;22;244m▀[m[38;2;2;126;250m[48;2;3;19;246m▀[m[38;2;2;126;248m[48;2;4;22;245m▀[m[38;2;4;1;1m[48;2;1;1;0m▀[m[38;2;105;105;105m[48;2;105;105;105m▀[m[38;2;200;200;202m[48;2;198;198;200m▀[m[38;2;2;2;2m[48;2;3;3;3m▀[m[38;2;0;0;0m[48;2;0;0;0m▀[m[38;2;0;0;0m[48;2;0;0;0m▀[m[38;2;0;0;0m[48;2;0;0;0m▀[m[38;2;0;0;0m[48;2;0;0;0m▀[m[38;2;0;0;0m[48;2;0;0;0m▀[m[38;2;0;0;0m[48;2;0;0;0m▀[m[38;2;0;0;0m[48;2;0;0;0m▀[m[38;2;0;0;0m[48;2;0;0;0m▀[m[38;2;0;0;0m[48;2;0;0;0m▀[m[38;2;0;0;0m[48;2;0;0;0m▀[m[38;2;0;0;0m[48;2;0;0;0m▀[m[38;2;0;0;0m[48;2;0;0;0m▀[m
[38;2;0;0;0m[48;2;0;0;0m▀[m[38;2;0;0;0m[48;2;0;0;0m▀[m[38;2;0;0;0m[48;2;0;0;0m▀[m[38;2;0;0;0m[48;2;0;0;0m▀[m[38;2;0;0;0m[48;2;0;0;0m▀[m[38;2;0;0;0m[48;2;0;0;0m▀[m[38;2;0;0;0m[48;2;0;0;0m▀[m[38;2;0;0;0m[48;2;0;0;0m▀[m[38;2;0;0;0m[48;2;0;0;0m▀[m[38;2;0;0;0m[48;2;0;0;0m▀[m[38;2;107;107;107m[48;2;60;60;60m▀[m[38;2;255;255;255m[48;2;203;203;203m▀[m[38;2;106;106;106m[48;2;138;138;138m▀[m[38;2;197;197;199m[48;2;198;198;200m▀[m[38;2;199;199;201m[48;2;199;199;201m▀[m[38;2;199;199;201m[48;2;199;199;201m▀[m[38;2;106;106;106m[48;2;106;106;106m▀[m[38;2;107;107;107m[48;2;107;107;107m▀[m[38;2;106;106;106m[48;2;106;106;106m▀[m[38;2;4;0;5m[48;2;2;0;4m▀[m[38;2;204;135;219m[48;2;160;95;176m▀[m[38;2;78;18;95m[48;2;195;126;212m▀[m[38;2;202;133;222m[48;2;201;131;219m▀[m[38;2;79;25;98m[48;2;81;23;97m▀[m[38;2;76;20;94m[48;2;203;133;222m▀[m[38;2;1;0;0m[48;2;1;3;0m▀[m[38;2;1;0;6m[48;2;205;131;220m▀[m[38;2;108;108;108m[48;2;0;0;0m▀[m[38;2;107;107;107m[48;2;107;107;107m▀[m[38;2;196;196;198m[48;2;166;166;168m▀[m[38;2;0;0;0m[48;2;65;65;66m▀[m[38;2;0;0;0m[48;2;8;8;8m▀[m[38;2;0;0;0m[48;2;0;0;0m▀[m[38;2;0;0;0m[48;2;0;0;0m▀[m[38;2;0;0;0m[48;2;0;0;0m▀[m[38;2;0;0;0m[48;2;0;0;0m▀[m[38;2;0;0;0m[48;2;0;0;0m▀[m[38;2;0;0;0m[48;2;0;0;0m▀[m[38;2;0;0;0m[48;2;0;0;0m▀[m[38;2;0;0;0m[48;2;0;0;0m▀[m[38;2;0;0;0m[48;2;0;0;0m▀[m[38;2;0;0;0m[48;2;0;0;0m▀[m
[38;2;0;0;0m[48;2;0;0;0m▀[m[38;2;0;0;0m[48;2;0;0;0m▀[m[38;2;0;0;0m[48;2;0;0;0m▀[m[38;2;0;0;0m[48;2;0;0;0m▀[m[38;2;0;0;0m[48;2;0;0;0m▀[m[38;2;0;0;0m[48;2;0;0;0m▀[m[38;2;0;0;0m[48;2;0;0;0m▀[m[38;2;0;0;0m[48;2;0;0;0m▀[m[38;2;0;0;0m[48;2;0;0;0m▀[m[38;2;0;0;0m[48;2;0;0;0m▀[m[38;2;252;252;252m[48;2;221;221;221m▀[m[38;2;105;105;105m[48;2;198;198;200m▀[m[38;2;200;200;202m[48;2;198;198;200m▀[m[38;2;199;199;201m[48;2;198;198;200m▀[m[38;2;199;199;201m[48;2;199;199;201m▀[m[38;2;105;105;105m[48;2;107;107;107m▀[m[38;2;107;107;107m[48;2;106;106;106m▀[m[38;2;107;107;107m[48;2;107;107;107m▀[m[38;2;3;0;4m[48;2;3;0;2m▀[m[38;2;198;134;212m[48;2;199;132;219m▀[m[38;2;202;132;219m[48;2;201;131;219m▀[m[38;2;201;131;219m[48;2;200;130;218m▀[m[38;2;201;131;219m[48;2;201;131;219m▀[m[38;2;81;23;97m[48;2;81;23;97m▀[m[38;2;203;133;222m[48;2;203;133;222m▀[m[38;2;1;3;0m[48;2;1;3;0m▀[m[38;2;204;131;220m[48;2;203;130;220m▀[m[38;2;0;0;0m[48;2;195;130;211m▀[m[38;2;107;107;107m[48;2;1;3;2m▀[m[38;2;106;106;106m[48;2;106;106;106m▀[m[38;2;203;203;205m[48;2;107;107;107m▀[m[38;2;35;35;35m[48;2;151;151;152m▀[m[38;2;0;0;0m[48;2;0;0;0m▀[m[38;2;0;0;0m[48;2;0;0;0m▀[m[38;2;0;0;0m[48;2;0;0;0m▀[m[38;2;0;0;0m[48;2;0;0;0m▀[m[38;2;0;0;0m[48;2;0;0;0m▀[m[38;2;0;0;0m[48;2;0;0;0m▀[m[38;2;0;0;0m[48;2;0;0;0m▀[m[38;2;0;0;0m[48;2;0;0;0m▀[m[38;2;0;0;0m[48;2;0;0;0m▀[m[38;2;0;0;0m[48;2;0;0;0m▀[m
[38;2;0;0;0m[48;2;0;0;0m▀[m[38;2;0;0;0m[48;2;0;0;0m▀[m[38;2;0;0;0m[48;2;0;0;0m▀[m[38;2;0;0;0m[48;2;0;0;0m▀[m[38;2;0;0;0m[48;2;0;0;0m▀[m[38;2;0;0;0m[48;2;0;0;0m▀[m[38;2;0;0;0m[48;2;0;0;0m▀[m[38;2;0;0;0m[48;2;0;0;0m▀[m[38;2;2;2;2m[48;2;2;2;2m▀[m[38;2;255;255;255m[48;2;255;255;255m▀[m[38;2;221;221;221m[48;2;221;221;221m▀[m[38;2;198;198;200m[48;2;198;198;200m▀[m[38;2;199;199;201m[48;2;199;199;200m▀[m[38;2;199;199;201m[48;2;199;199;201m▀[m[38;2;104;104;104m[48;2;105;105;105m▀[m[38;2;106;106;106m[48;2;106;106;106m▀[m[38;2;106;106;106m[48;2;106;106;106m▀[m[38;2;0;0;1m[48;2;0;0;0m▀[m[38;2;79;21;94m[48;2;80;21;95m▀[m[38;2;201;131;219m[48;2;201;131;219m▀[m[38;2;201;131;219m[48;2;201;131;219m▀[m[38;2;201;131;219m[48;2;90;27;106m▀[m[38;2;203;129;220m[48;2;3;2;4m▀[m[38;2;81;23;98m[48;2;0;0;0m▀[m[38;2;80;19;97m[48;2;0;1;0m▀[m[38;2;0;1;0m[48;2;0;1;0m▀[m[38;2;203;130;220m[48;2;203;130;220m▀[m[38;2;199;129;217m[48;2;200;130;218m▀[m[38;2;1;1;0m[48;2;77;22;90m▀[m[38;2;107;107;107m[48;2;1;1;0m▀[m[38;2;107;107;107m[48;2;107;107;107m▀[m[38;2;151;151;152m[48;2;128;128;129m▀[m[38;2;19;19;19m[48;2;0;0;0m▀[m[38;2;0;0;0m[48;2;0;0;0m▀[m[38;2;0;0;0m[48;2;0;0;0m▀[m[38;2;0;0;0m[48;2;0;0;0m▀[m[38;2;0;0;0m[48;2;0;0;0m▀[m[38;2;0;0;0m[48;2;0;0;0m▀[m[38;2;0;0;0m[48;2;0;0;0m▀[m[38;2;0;0;0m[48;2;0;0;0m▀[m[38;2;0;0;0m[48;2;0;0;0m▀[m[38;2;0;0;0m[48;2;0;0;0m▀[m
[38;2;0;0;0m[48;2;0;0;0m▀[m[38;2;0;0;0m[48;2;0;0;0m▀[m[38;2;0;0;0m[48;2;0;0;0m▀[m[38;2;0;0;0m[48;2;0;0;0m▀[m[38;2;0;0;0m[48;2;0;0;0m▀[m[38;2;0;0;0m[48;2;0;0;0m▀[m[38;2;0;0;0m[48;2;0;0;0m▀[m[38;2;0;0;0m[48;2;0;0;0m▀[m[38;2;254;254;254m[48;2;255;255;255m▀[m[38;2;253;253;253m[48;2;253;253;253m▀[m[38;2;128;128;128m[48;2;128;128;129m▀[m[38;2;198;198;200m[48;2;199;199;201m▀[m[38;2;198;198;200m[48;2;198;198;200m▀[m[38;2;107;107;107m[48;2;107;107;107m▀[m[38;2;107;107;107m[48;2;106;106;106m▀[m[38;2;107;107;107m[48;2;1;1;1m▀[m[38;2;0;1;0m[48;2;0;2;0m▀[m[38;2;203;131;222m[48;2;202;132;221m▀[m[38;2;79;21;95m[48;2;79;21;95m▀[m[38;2;201;131;219m[48;2;201;131;219m▀[m[38;2;204;135;222m[48;2;201;131;219m▀[m[38;2;190;127;208m[48;2;200;130;217m▀[m[38;2;0;0;4m[48;2;0;0;4m▀[m[38;2;0;0;0m[48;2;0;0;1m▀[m[38;2;76;21;90m[48;2;200;132;217m▀[m[38;2;79;21;95m[48;2;83;23;97m▀[m[38;2;201;131;219m[48;2;200;130;218m▀[m[38;2;200;130;218m[48;2;201;131;219m▀[m[38;2;199;134;219m[48;2;201;133;219m▀[m[38;2;0;0;2m[48;2;0;0;2m▀[m[38;2;107;107;107m[48;2;1;1;1m▀[m[38;2;106;106;106m[48;2;106;106;106m▀[m[38;2;197;197;200m[48;2;197;197;199m▀[m[38;2;0;0;0m[48;2;0;0;0m▀[m[38;2;0;0;0m[48;2;0;0;0m▀[m[38;2;0;0;0m[48;2;0;0;0m▀[m[38;2;0;0;0m[48;2;0;0;0m▀[m[38;2;0;0;0m[48;2;0;0;0m▀[m[38;2;0;0;0m[48;2;0;0;0m▀[m[38;2;0;0;0m[48;2;0;0;0m▀[m[38;2;0;0;0m[48;2;0;0;0m▀[m[38;2;0;0;0m[48;2;0;0;0m▀[m
[38;2;0;0;0m[48;2;0;0;0m▀[m[38;2;0;0;0m[48;2;0;0;0m▀[m[38;2;0;0;0m[48;2;0;0;0m▀[m[38;2;0;0;0m[48;2;0;0;0m▀[m[38;2;0;0;0m[48;2;0;0;0m▀[m[38;2;0;0;0m[48;2;0;0;0m▀[m[38;2;2;2;2m[48;2;0;0;0m▀[m[38;2;200;200;202m[48;2;254;254;254m▀[m[38;2;254;254;254m[48;2;255;255;255m▀[m[38;2;254;254;254m[48;2;107;107;107m▀[m[38;2;126;126;127m[48;2;198;198;200m▀[m[38;2;199;199;201m[48;2;198;198;200m▀[m[38;2;106;106;106m[48;2;106;106;106m▀[m[38;2;107;107;107m[48;2;1;1;0m▀[m[38;2;0;0;1m[48;2;80;19;94m▀[m[38;2;0;0;0m[48;2;0;0;0m▀[m[38;2;0;2;0m[48;2;0;2;0m▀[m[38;2;202;132;221m[48;2;201;131;220m▀[m[38;2;79;21;95m[48;2;78;20;94m▀[m[38;2;202;132;220m[48;2;78;20;94m▀[m[38;2;205;136;223m[48;2;78;18;93m▀[m[38;2;12;0;15m[48;2;20;2;28m▀[m[38;2;109;109;109m[48;2;109;109;109m▀[m[38;2;1;1;0m[48;2;1;1;1m▀[m[38;2;74;22;90m[48;2;0;0;0m▀[m[38;2;199;131;218m[48;2;76;23;91m▀[m[38;2;79;19;93m[48;2;199;131;218m▀[m[38;2;202;132;220m[48;2;78;20;94m▀[m[38;2;200;134;220m[48;2;76;20;92m▀[m[38;2;0;0;2m[48;2;0;0;0m▀[m[38;2;0;0;0m[48;2;0;1;2m▀[m[38;2;24;24;25m[48;2;55;21;65m▀[m[38;2;106;106;106m[48;2;109;109;109m▀[m[38;2;200;200;202m[48;2;200;200;202m▀[m[38;2;0;0;0m[48;2;1;1;1m▀[m[38;2;0;0;0m[48;2;0;0;0m▀[m[38;2;0;0;0m[48;2;0;0;0m▀[m[38;2;0;0;0m[48;2;0;0;0m▀[m[38;2;0;0;0m[48;2;0;0;0m▀[m[38;2;0;0;0m[48;2;0;0;0m▀[m[38;2;0;0;0m[48;2;0;0;0m▀[m[38;2;0;0;0m[48;2;0;0;0m▀[m
[38;2;0;0;0m[48;2;0;0;0m▀[m[38;2;0;0;0m[48;2;0;0;0m▀[m[38;2;0;0;0m[48;2;0;0;0m▀[m[38;2;0;0;0m[48;2;0;0;0m▀[m[38;2;0;0;0m[48;2;0;0;0m▀[m[38;2;0;0;0m[48;2;1;1;1m▀[m[38;2;0;0;0m[48;2;237;237;237m▀[m[38;2;254;254;254m[48;2;254;254;254m▀[m[38;2;255;255;255m[48;2;153;153;153m▀[m[38;2;107;107;107m[48;2;170;170;171m▀[m[38;2;198;198;200m[48;2;184;184;186m▀[m[38;2;107;107;107m[48;2;107;107;107m▀[m[38;2;106;106;106m[48;2;106;106;106m▀[m[38;2;1;1;0m[48;2;1;1;0m▀[m[38;2;78;19;94m[48;2;79;19;94m▀[m[38;2;0;0;0m[48;2;0;0;0m▀[m[38;2;0;0;0m[48;2;0;0;0m▀[m[38;2;75;20;90m[48;2;0;0;0m▀[m[38;2;75;21;88m[48;2;0;0;0m▀[m[38;2;75;21;88m[48;2;0;0;0m▀[m[38;2;198;139;216m[48;2;47;20;55m▀[m[38;2;11;0;16m[48;2;99;99;99m▀[m[38;2;109;109;109m[48;2;106;106;106m▀[m[38;2;3;3;3m[48;2;198;198;200m▀[m[38;2;0;0;0m[48;2;0;0;0m▀[m[38;2;1;0;0m[48;2;49;18;59m▀[m[38;2;75;21;89m[48;2;0;0;0m▀[m[38;2;75;21;88m[48;2;0;0;0m▀[m[38;2;73;22;88m[48;2;0;0;0m▀[m[38;2;0;0;0m[48;2;0;0;1m▀[m[38;2;0;1;2m[48;2;49;18;57m▀[m[38;2;54;22;65m[48;2;36;22;40m▀[m[38;2;109;109;109m[48;2;107;107;107m▀[m[38;2;200;200;202m[48;2;106;106;106m▀[m[38;2;199;199;201m[48;2;197;197;199m▀[m[38;2;1;1;1m[48;2;1;1;1m▀[m[38;2;0;0;0m[48;2;0;0;0m▀[m[38;2;0;0;0m[48;2;0;0;0m▀[m[38;2;0;0;0m[48;2;0;0;0m▀[m[38;2;0;0;0m[48;2;0;0;0m▀[m[38;2;0;0;0m[48;2;0;0;0m▀[m[38;2;0;0;0m[48;2;0;0;0m▀[m
[38;2;0;0;0m[48;2;0;0;0m▀[m[38;2;0;0;0m[48;2;0;0;0m▀[m[38;2;0;0;0m[48;2;0;0;0m▀[m[38;2;0;0;0m[48;2;0;0;0m▀[m[38;2;0;0;0m[48;2;0;0;0m▀[m[38;2;2;2;2m[48;2;252;252;252m▀[m[38;2;255;255;255m[48;2;254;254;254m▀[m[38;2;254;254;254m[48;2;254;254;254m▀[m[38;2;106;106;106m[48;2;106;106;106m▀[m[38;2;198;198;200m[48;2;198;198;200m▀[m[38;2;178;178;180m[48;2;178;178;180m▀[m[38;2;106;106;106m[48;2;106;106;106m▀[m[38;2;106;106;106m[48;2;106;106;106m▀[m[38;2;1;1;1m[48;2;196;196;198m▀[m[38;2;1;0;2m[48;2;1;1;1m▀[m[38;2;78;21;91m[48;2;0;0;4m▀[m[38;2;0;0;0m[48;2;77;23;91m▀[m[38;2;0;0;0m[48;2;78;23;93m▀[m[38;2;0;0;1m[48;2;77;25;91m▀[m[38;2;75;24;88m[48;2;0;0;1m▀[m[38;2;1;0;2m[48;2;0;0;0m▀[m[38;2;99;99;99m[48;2;106;106;106m▀[m[38;2;107;107;107m[48;2;107;107;107m▀[m[38;2;198;198;200m[48;2;198;198;200m▀[m[38;2;0;0;0m[48;2;198;198;200m▀[m[38;2;1;0;3m[48;2;2;2;2m▀[m[38;2;78;22;92m[48;2;0;0;4m▀[m[38;2;0;0;0m[48;2;79;24;91m▀[m[38;2;0;0;0m[48;2;76;24;90m▀[m[38;2;75;23;90m[48;2;0;0;1m▀[m[38;2;1;0;1m[48;2;0;0;0m▀[m[38;2;23;23;23m[48;2;177;177;179m▀[m[38;2;107;107;107m[48;2;107;107;107m▀[m[38;2;106;106;106m[48;2;106;106;106m▀[m[38;2;197;197;199m[48;2;197;197;199m▀[m[38;2;201;201;203m[48;2;198;198;200m▀[m[38;2;0;0;0m[48;2;0;0;0m▀[m[38;2;0;0;0m[48;2;0;0;0m▀[m[38;2;0;0;0m[48;2;0;0;0m▀[m[38;2;0;0;0m[48;2;0;0;0m▀[m[38;2;0;0;0m[48;2;0;0;0m▀[m[38;2;0;0;0m[48;2;0;0;0m▀[m
[38;2;0;0;0m[48;2;0;0;0m▀[m[38;2;0;0;0m[48;2;0;0;0m▀[m[38;2;0;0;0m[48;2;0;0;0m▀[m[38;2;0;0;0m[48;2;0;0;0m▀[m[38;2;0;0;0m[48;2;0;0;0m▀[m[38;2;254;254;254m[48;2;254;254;254m▀[m[38;2;255;255;255m[48;2;255;255;255m▀[m[38;2;106;106;106m[48;2;107;107;107m▀[m[38;2;200;200;202m[48;2;198;198;200m▀[m[38;2;198;198;200m[48;2;198;198;200m▀[m[38;2;178;178;180m[48;2;162;162;164m▀[m[38;2;106;106;106m[48;2;0;0;0m▀[m[38;2;106;106;106m[48;2;0;0;0m▀[m[38;2;197;197;199m[48;2;198;198;200m▀[m[38;2;1;1;1m[48;2;5;0;0m▀[m[38;2;3;0;2m[48;2;238;46;43m▀[m[38;2;1;0;2m[48;2;102;214;33m▀[m[38;2;0;0;2m[48;2;0;0;2m▀[m[38;2;1;1;3m[48;2;201;201;203m▀[m[38;2;197;197;199m[48;2;198;198;200m▀[m[38;2;199;199;201m[48;2;200;200;202m▀[m[38;2;106;106;106m[48;2;107;107;107m▀[m[38;2;106;106;106m[48;2;107;107;107m▀[m[38;2;198;198;200m[48;2;198;198;200m▀[m[38;2;198;198;200m[48;2;198;198;200m▀[m[38;2;197;197;199m[48;2;199;199;201m▀[m[38;2;0;0;0m[48;2;0;1;0m▀[m[38;2;0;0;2m[48;2;239;45;47m▀[m[38;2;1;0;2m[48;2;50;121;12m▀[m[38;2;2;2;2m[48;2;3;1;2m▀[m[38;2;197;197;199m[48;2;199;199;201m▀[m[38;2;162;162;164m[48;2;0;0;0m▀[m[38;2;0;0;0m[48;2;0;0;0m▀[m[38;2;0;0;0m[48;2;0;0;0m▀[m[38;2;0;0;0m[48;2;0;0;0m▀[m[38;2;199;199;201m[48;2;0;0;0m▀[m[38;2;0;0;0m[48;2;1;1;1m▀[m[38;2;0;0;0m[48;2;0;0;0m▀[m[38;2;0;0;0m[48;2;0;0;0m▀[m[38;2;0;0;0m[48;2;0;0;0m▀[m[38;2;0;0;0m[48;2;0;0;0m▀[m[38;2;0;0;0m[48;2;0;0;0m▀[m
[38;2;0;0;0m[48;2;0;0;0m▀[m[38;2;0;0;0m[48;2;0;0;0m▀[m[38;2;0;0;0m[48;2;0;0;0m▀[m[38;2;0;0;0m[48;2;0;0;0m▀[m[38;2;0;0;0m[48;2;0;0;0m▀[m[38;2;254;254;254m[48;2;253;253;253m▀[m[38;2;255;255;255m[48;2;255;255;255m▀[m[38;2;107;107;107m[48;2;107;107;107m▀[m[38;2;198;198;200m[48;2;0;0;0m▀[m[38;2;0;0;0m[48;2;0;0;0m▀[m[38;2;0;0;0m[48;2;0;0;0m▀[m[38;2;0;0;0m[48;2;0;0;0m▀[m[38;2;0;0;0m[48;2;0;0;0m▀[m[38;2;0;0;0m[48;2;0;0;0m▀[m[38;2;93;16;6m[48;2;91;16;5m▀[m[38;2;91;16;3m[48;2;94;16;3m▀[m[38;2;96;14;5m[48;2;0;2;1m▀[m[38;2;1;2;1m[48;2;0;0;0m▀[m[38;2;0;0;0m[48;2;0;0;0m▀[m[38;2;0;0;0m[48;2;0;0;0m▀[m[38;2;0;0;0m[48;2;0;0;0m▀[m[38;2;0;0;0m[48;2;0;0;0m▀[m[38;2;0;0;0m[48;2;0;0;0m▀[m[38;2;0;0;0m[48;2;0;0;0m▀[m[38;2;0;0;0m[48;2;0;0;0m▀[m[38;2;0;0;0m[48;2;0;0;0m▀[m[38;2;0;1;0m[48;2;1;1;1m▀[m[38;2;94;15;5m[48;2;0;0;0m▀[m[38;2;94;16;6m[48;2;91;17;4m▀[m[38;2;2;0;1m[48;2;1;0;0m▀[m[38;2;0;0;0m[48;2;1;0;0m▀[m[38;2;0;0;0m[48;2;0;0;0m▀[m[38;2;0;0;0m[48;2;0;0;0m▀[m[38;2;0;0;0m[48;2;0;0;0m▀[m[38;2;0;0;0m[48;2;0;0;0m▀[m[38;2;0;0;0m[48;2;0;0;0m▀[m[38;2;0;0;0m[48;2;0;0;0m▀[m[38;2;0;0;0m[48;2;0;0;0m▀[m[38;2;0;0;0m[48;2;0;0;0m▀[m[38;2;0;0;0m[48;2;0;0;0m▀[m[38;2;0;0;0m[48;2;0;0;0m▀[m[38;2;0;0;0m[48;2;0;0;0m▀[m
[38;2;0;0;0m[48;2;0;0;0m▀[m[38;2;0;0;0m[48;2;0;0;0m▀[m[38;2;0;0;0m[48;2;0;0;0m▀[m[38;2;0;0;0m[48;2;0;0;0m▀[m[38;2;0;0;0m[48;2;0;0;0m▀[m[38;2;3;3;3m[48;2;0;0;0m▀[m[38;2;254;254;254m[48;2;0;0;0m▀[m[38;2;0;0;0m[48;2;0;0;0m▀[m[38;2;0;0;0m[48;2;0;0;0m▀[m[38;2;0;0;0m[48;2;0;0;0m▀[m[38;2;0;0;0m[48;2;0;0;0m▀[m[38;2;0;0;0m[48;2;0;0;0m▀[m[38;2;0;0;0m[48;2;3;1;2m▀[m[38;2;1;0;0m[48;2;91;18;7m▀[m[38;2;91;16;5m[48;2;94;16;4m▀[m[38;2;92;17;3m[48;2;0;0;0m▀[m[38;2;0;2;1m[48;2;0;0;0m▀[m[38;2;0;0;0m[48;2;0;0;0m▀[m[38;2;0;0;0m[48;2;0;0;0m▀[m[38;2;0;0;0m[48;2;0;0;0m▀[m[38;2;0;0;0m[48;2;0;0;0m▀[m[38;2;0;0;0m[48;2;0;0;0m▀[m[38;2;0;0;0m[48;2;0;0;0m▀[m[38;2;0;0;0m[48;2;0;0;0m▀[m[38;2;0;0;0m[48;2;0;0;0m▀[m[38;2;0;0;0m[48;2;0;0;0m▀[m[38;2;0;0;0m[48;2;0;0;0m▀[m[38;2;0;0;0m[48;2;1;2;1m▀[m[38;2;94;16;6m[48;2;87;15;6m▀[m[38;2;93;16;4m[48;2;88;15;6m▀[m[38;2;88;17;5m[48;2;88;15;6m▀[m[38;2;2;0;0m[48;2;86;16;4m▀[m[38;2;33;33;33m[48;2;9;0;2m▀[m[38;2;0;0;0m[48;2;0;0;0m▀[m[38;2;0;0;0m[48;2;0;0;0m▀[m[38;2;0;0;0m[48;2;0;0;0m▀[m[38;2;0;0;0m[48;2;0;0;0m▀[m[38;2;0;0;0m[48;2;0;0;0m▀[m[38;2;0;0;0m[48;2;0;0;0m▀[m[38;2;0;0;0m[48;2;0;0;0m▀[m[38;2;0;0;0m[48;2;0;0;0m▀[m[38;2;0;0;0m[48;2;0;0;0m▀[m
[m[38;2;0;0;0m▀[m[m[38;2;0;0;0m▀[m[m[38;2;0;0;0m▀[m[m[38;2;0;0;0m▀[m[m[38;2;0;0;0m▀[m[m[38;2;0;0;0m▀[m[m[38;2;0;0;0m▀[m[m[38;2;0;0;0m▀[m[m[38;2;0;0;0m▀[m[m[38;2;0;0;0m▀[m[m[38;2;0;0;0m▀[m[m[38;2;0;0;0m▀[m[m[38;2;12;9;10m▀[m[m[38;2;84;19;9m▀[m[m[38;2;83;17;3m▀[m[m[38;2;3;5;4m▀[m[m[38;2;0;0;0m▀[m[m[38;2;0;0;0m▀[m[m[38;2;0;0;0m▀[m[m[38;2;0;0;0m▀[m[m[38;2;0;0;0m▀[m[m[38;2;0;0;0m▀[m[m[38;2;0;0;0m▀[m[m[38;2;0;0;0m▀[m[m[38;2;0;0;0m▀[m[m[38;2;0;0;0m▀[m[m[38;2;0;0;0m▀[m[m[38;2;0;0;0m▀[m[m[38;2;0;0;0m▀[m[m[38;2;0;0;0m▀[m[m[38;2;0;0;0m▀[m[m[38;2;0;0;0m▀[m[m[38;2;0;0;0m▀[m[m[38;2;0;0;0m▀[m[m[38;2;0;0;0m▀[m[m[38;2;0;0;0m▀[m[m[38;2;0;0;0m▀[m[m[38;2;0;0;0m▀[m[m[38;2;0;0;0m▀[m[m[38;2;0;0;0m▀[m[m[38;2;0;0;0m▀[m[m[38;2;0;0;0m▀[m
