[38;2;47;194;244m[48;2;47;194;244m▀[m[38;2;47;194;244m[48;2;47;194;244m▀[m[38;2;47;194;244m[48;2;47;194;244m▀[m[38;2;47;194;244m[48;2;47;194;244m▀[m[38;2;47;194;244m[48;2;47;194;244m▀[m[38;2;47;194;244m[48;2;47;194;244m▀[m[38;2;47;194;244m[48;2;47;194;244m▀[m[38;2;47;194;244m[48;2;47;194;244m▀[m[38;2;47;194;244m[48;2;47;194;244m▀[m[38;2;47;194;244m[48;2;47;194;244m▀[m[38;2;47;194;244m[48;2;47;194;244m▀[m[38;2;47;194;244m[48;2;47;194;244m▀[m[38;2;47;194;244m[48;2;47;194;244m▀[m[38;2;47;194;244m[48;2;47;194;244m▀[m[38;2;47;194;244m[48;2;47;194;244m▀[m[38;2;47;194;244m[48;2;47;194;244m▀[m[38;2;47;194;244m[48;2;47;194;244m▀[m[38;2;47;194;244m[48;2;47;194;244m▀[m[38;2;47;194;244m[48;2;47;194;244m▀[m[38;2;47;194;244m[48;2;47;194;244m▀[m[38;2;47;194;244m[48;2;47;194;244m▀[m[38;2;47;194;244m[48;2;47;194;244m▀[m[38;2;47;194;244m[48;2;47;194;244m▀[m[38;2;47;194;244m[48;2;84;61;96m▀[m[38;2;47;194;244m[48;2;32;20;38m▀[m[38;2;47;194;244m[48;2;32;20;38m▀[m[38;2;47;194;244m[48;2;84;61;96m▀[m[38;2;47;194;244m[48;2;47;194;244m▀[m[38;2;47;194;244m[48;2;47;194;244m▀[m[38;2;47;194;244m[48;2;47;194;244m▀[m[38;2;47;194;244m[48;2;47;194;244m▀[m[38;2;47;194;244m[48;2;47;194;244m▀[m[38;2;47;194;244m[48;2;47;194;244m▀[m[38;2;47;194;244m[48;2;47;194;244m▀[m[38;2;47;194;244m[48;2;47;194;244m▀[m[38;2;47;194;244m[48;2;47;194;244m▀[m[38;2;47;194;244m[48;2;47;194;244m▀[m[38;2;47;194;244m[48;2;47;194;244m▀[m[38;2;47;194;244m[48;2;47;194;244m▀[m[38;2;47;194;244m[48;2;47;194;244m▀[m[38;2;47;194;244m[48;2;47;194;244m▀[m[38;2;47;194;244m[48;2;47;194;244m▀[m[38;2;47;194;244m[48;2;47;194;244m▀[m[38;2;47;194;244m[48;2;47;194;244m▀[m[38;2;47;194;244m[48;2;47;194;244m▀[m[38;2;47;194;244m[48;2;47;194;244m▀[m[38;2;47;194;244m[48;2;47;194;244m▀[m[38;2;47;194;244m[48;2;47;194;244m▀[m[38;2;47;194;244m[48;2;47;194;244m▀[m[38;2;47;194;244m[48;2;47;194;244m▀[m
[38;2;47;194;244m[48;2;47;194;244m▀[m[38;2;47;194;244m[48;2;47;194;244m▀[m[38;2;47;194;244m[48;2;47;194;244m▀[m[38;2;47;194;244m[48;2;47;194;244m▀[m[38;2;47;194;244m[48;2;47;194;244m▀[m[38;2;47;194;244m[48;2;47;194;244m▀[m[38;2;47;194;244m[48;2;47;194;244m▀[m[38;2;47;194;244m[48;2;47;194;244m▀[m[38;2;47;194;244m[48;2;47;194;244m▀[m[38;2;47;194;244m[48;2;47;194;244m▀[m[38;2;47;194;244m[48;2;47;194;244m▀[m[38;2;47;194;244m[48;2;47;194;244m▀[m[38;2;47;194;244m[48;2;47;194;244m▀[m[38;2;47;194;244m[48;2;47;194;244m▀[m[38;2;47;194;244m[48;2;47;194;244m▀[m[38;2;47;194;244m[48;2;47;194;244m▀[m[38;2;47;194;244m[48;2;47;194;244m▀[m[38;2;47;194;244m[48;2;47;194;244m▀[m[38;2;47;194;244m[48;2;47;194;244m▀[m[38;2;47;194;244m[48;2;47;194;244m▀[m[38;2;47;194;244m[48;2;84;61;96m▀[m[38;2;47;194;244m[48;2;32;20;38m▀[m[38;2;32;20;38m[48;2;178;105;50m▀[m[38;2;32;20;38m[48;2;32;20;38m▀[m[38;2;32;20;38m[48;2;91;44;31m▀[m[38;2;84;61;96m[48;2;235;159;102m▀[m[38;2;32;20;38m[48;2;91;44;31m▀[m[38;2;32;20;38m[48;2;84;61;96m▀[m[38;2;47;194;244m[48;2;32;20;38m▀[m[38;2;47;194;244m[48;2;84;61;96m▀[m[38;2;47;194;244m[48;2;47;194;244m▀[m[38;2;47;194;244m[48;2;47;194;244m▀[m[38;2;47;194;244m[48;2;47;194;244m▀[m[38;2;47;194;244m[48;2;47;194;244m▀[m[38;2;47;194;244m[48;2;47;194;244m▀[m[38;2;47;194;244m[48;2;47;194;244m▀[m[38;2;47;194;244m[48;2;47;194;244m▀[m[38;2;47;194;244m[48;2;47;194;244m▀[m[38;2;47;194;244m[48;2;130;9;49m▀[m[38;2;47;194;244m[48;2;189;19;32m▀[m[38;2;47;194;244m[48;2;130;9;49m▀[m[38;2;47;194;244m[48;2;47;194;244m▀[m[38;2;47;194;244m[48;2;47;194;244m▀[m[38;2;47;194;244m[48;2;47;194;244m▀[m[38;2;47;194;244m[48;2;47;194;244m▀[m[38;2;47;194;244m[48;2;47;194;244m▀[m[38;2;47;194;244m[48;2;47;194;244m▀[m[38;2;47;194;244m[48;2;47;194;244m▀[m[38;2;47;194;244m[48;2;47;194;244m▀[m[38;2;47;194;244m[48;2;47;194;244m▀[m
[38;2;47;194;244m[48;2;47;194;244m▀[m[38;2;47;194;244m[48;2;47;194;244m▀[m[38;2;47;194;244m[48;2;47;194;244m▀[m[38;2;47;194;244m[48;2;47;194;244m▀[m[38;2;47;194;244m[48;2;47;194;244m▀[m[38;2;47;194;244m[48;2;47;194;244m▀[m[38;2;47;194;244m[48;2;47;194;244m▀[m[38;2;47;194;244m[48;2;47;194;244m▀[m[38;2;47;194;244m[48;2;47;194;244m▀[m[38;2;47;194;244m[48;2;47;194;244m▀[m[38;2;47;194;244m[48;2;47;194;244m▀[m[38;2;47;194;244m[48;2;47;194;244m▀[m[38;2;47;194;244m[48;2;47;194;244m▀[m[38;2;47;194;244m[48;2;47;194;244m▀[m[38;2;47;194;244m[48;2;47;194;244m▀[m[38;2;47;194;244m[48;2;47;194;244m▀[m[38;2;47;194;244m[48;2;47;194;244m▀[m[38;2;47;194;244m[48;2;47;194;244m▀[m[38;2;47;194;244m[48;2;47;194;244m▀[m[38;2;47;194;244m[48;2;47;194;244m▀[m[38;2;32;20;38m[48;2;91;44;31m▀[m[38;2;235;159;102m[48;2;253;227;200m▀[m[38;2;235;159;102m[48;2;253;227;200m▀[m[38;2;91;44;31m[48;2;253;227;200m▀[m[38;2;235;159;102m[48;2;178;105;50m▀[m[38;2;253;227;200m[48;2;235;159;102m▀[m[38;2;235;159;102m[48;2;253;227;200m▀[m[38;2;84;61;96m[48;2;84;61;96m▀[m[38;2;84;61;96m[48;2;84;61;96m▀[m[38;2;32;20;38m[48;2;32;20;38m▀[m[38;2;84;61;96m[48;2;32;20;38m▀[m[38;2;47;194;244m[48;2;32;20;38m▀[m[38;2;47;194;244m[48;2;84;61;96m▀[m[38;2;47;194;244m[48;2;32;20;38m▀[m[38;2;47;194;244m[48;2;84;61;96m▀[m[38;2;47;194;244m[48;2;47;194;244m▀[m[38;2;47;194;244m[48;2;84;61;96m▀[m[38;2;47;194;244m[48;2;32;20;38m▀[m[38;2;130;9;49m[48;2;32;20;38m▀[m[38;2;229;68;62m[48;2;32;20;38m▀[m[38;2;189;19;32m[48;2;32;20;38m▀[m[38;2;32;20;38m[48;2;84;61;96m▀[m[38;2;32;20;38m[48;2;32;20;38m▀[m[38;2;84;61;96m[48;2;32;20;38m▀[m[38;2;47;194;244m[48;2;32;20;38m▀[m[38;2;47;194;244m[48;2;84;61;96m▀[m[38;2;47;194;244m[48;2;47;194;244m▀[m[38;2;47;194;244m[48;2;47;194;244m▀[m[38;2;47;194;244m[48;2;47;194;244m▀[m[38;2;47;194;244m[48;2;47;194;244m▀[m
[38;2;47;194;244m[48;2;47;194;244m▀[m[38;2;47;194;244m[48;2;47;194;244m▀[m[38;2;47;194;244m[48;2;47;194;244m▀[m[38;2;47;194;244m[48;2;47;194;244m▀[m[38;2;47;194;244m[48;2;47;194;244m▀[m[38;2;47;194;244m[48;2;47;194;244m▀[m[38;2;47;194;244m[48;2;47;194;244m▀[m[38;2;47;194;244m[48;2;47;194;244m▀[m[38;2;47;194;244m[48;2;47;194;244m▀[m[38;2;47;194;244m[48;2;47;194;244m▀[m[38;2;47;194;244m[48;2;47;194;244m▀[m[38;2;47;194;244m[48;2;47;194;244m▀[m[38;2;47;194;244m[48;2;47;194;244m▀[m[38;2;47;194;244m[48;2;47;194;244m▀[m[38;2;47;194;244m[48;2;47;194;244m▀[m[38;2;47;194;244m[48;2;47;194;244m▀[m[38;2;47;194;244m[48;2;47;194;244m▀[m[38;2;47;194;244m[48;2;47;194;244m▀[m[38;2;47;194;244m[48;2;47;194;244m▀[m[38;2;47;194;244m[48;2;47;194;244m▀[m[38;2;91;44;31m[48;2;91;44;31m▀[m[38;2;253;227;200m[48;2;235;159;102m▀[m[38;2;255;255;255m[48;2;253;227;200m▀[m[38;2;253;227;200m[48;2;235;159;102m▀[m[38;2;91;44;31m[48;2;91;44;31m▀[m[38;2;91;44;31m[48;2;235;159;102m▀[m[38;2;253;227;200m[48;2;253;227;200m▀[m[38;2;84;61;96m[48;2;32;20;38m▀[m[38;2;91;44;31m[48;2;235;159;102m▀[m[38;2;91;44;31m[48;2;178;105;50m▀[m[38;2;32;20;38m[48;2;91;44;31m▀[m[38;2;32;20;38m[48;2;84;61;96m▀[m[38;2;32;20;38m[48;2;32;20;38m▀[m[38;2;84;61;96m[48;2;32;20;38m▀[m[38;2;32;20;38m[48;2;84;61;96m▀[m[38;2;32;20;38m[48;2;32;20;38m▀[m[38;2;32;20;38m[48;2;32;20;38m▀[m[38;2;84;61;96m[48;2;32;20;38m▀[m[38;2;32;20;38m[48;2;84;61;96m▀[m[38;2;189;19;32m[48;2;130;9;49m▀[m[38;2;229;68;62m[48;2;189;19;32m▀[m[38;2;32;20;38m[48;2;130;9;49m▀[m[38;2;32;20;38m[48;2;47;194;244m▀[m[38;2;32;20;38m[48;2;47;194;244m▀[m[38;2;84;61;96m[48;2;47;194;244m▀[m[38;2;47;194;244m[48;2;47;194;244m▀[m[38;2;47;194;244m[48;2;47;194;244m▀[m[38;2;47;194;244m[48;2;47;194;244m▀[m[38;2;47;194;244m[48;2;47;194;244m▀[m[38;2;47;194;244m[48;2;47;194;244m▀[m
[38;2;47;194;244m[48;2;47;194;244m▀[m[38;2;47;194;244m[48;2;47;194;244m▀[m[38;2;47;194;244m[48;2;47;194;244m▀[m[38;2;47;194;244m[48;2;47;194;244m▀[m[38;2;47;194;244m[48;2;47;194;244m▀[m[38;2;47;194;244m[48;2;47;194;244m▀[m[38;2;47;194;244m[48;2;47;194;244m▀[m[38;2;47;194;244m[48;2;47;194;244m▀[m[38;2;47;194;244m[48;2;47;194;244m▀[m[38;2;47;194;244m[48;2;47;194;244m▀[m[38;2;47;194;244m[48;2;47;194;244m▀[m[38;2;47;194;244m[48;2;47;194;244m▀[m[38;2;47;194;244m[48;2;47;194;244m▀[m[38;2;47;194;244m[48;2;47;194;244m▀[m[38;2;47;194;244m[48;2;47;194;244m▀[m[38;2;47;194;244m[48;2;47;194;244m▀[m[38;2;47;194;244m[48;2;47;194;244m▀[m[38;2;47;194;244m[48;2;47;194;244m▀[m[38;2;47;194;244m[48;2;47;194;244m▀[m[38;2;47;194;244m[48;2;47;194;244m▀[m[38;2;32;20;38m[48;2;32;20;38m▀[m[38;2;91;44;31m[48;2;91;44;31m▀[m[38;2;178;105;50m[48;2;91;44;31m▀[m[38;2;235;159;102m[48;2;253;227;200m▀[m[38;2;32;20;38m[48;2;178;105;50m▀[m[38;2;255;255;255m[48;2;253;227;200m▀[m[38;2;235;159;102m[48;2;253;227;200m▀[m[38;2;84;61;96m[48;2;178;105;50m▀[m[38;2;178;105;50m[48;2;178;105;50m▀[m[38;2;253;227;200m[48;2;235;159;102m▀[m[38;2;91;44;31m[48;2;32;20;38m▀[m[38;2;47;194;244m[48;2;47;194;244m▀[m[38;2;47;194;244m[48;2;47;194;244m▀[m[38;2;47;194;244m[48;2;47;194;244m▀[m[38;2;47;194;244m[48;2;47;194;244m▀[m[38;2;47;194;244m[48;2;47;194;244m▀[m[38;2;47;194;244m[48;2;47;194;244m▀[m[38;2;47;194;244m[48;2;47;194;244m▀[m[38;2;47;194;244m[48;2;47;194;244m▀[m[38;2;47;194;244m[48;2;47;194;244m▀[m[38;2;130;9;49m[48;2;47;194;244m▀[m[38;2;84;61;96m[48;2;47;194;244m▀[m[38;2;47;194;244m[48;2;47;194;244m▀[m[38;2;47;194;244m[48;2;47;194;244m▀[m[38;2;47;194;244m[48;2;47;194;244m▀[m[38;2;47;194;244m[48;2;47;194;244m▀[m[38;2;47;194;244m[48;2;47;194;244m▀[m[38;2;47;194;244m[48;2;47;194;244m▀[m[38;2;47;194;244m[48;2;47;194;244m▀[m[38;2;47;194;244m[48;2;47;194;244m▀[m
[38;2;47;194;244m[48;2;47;194;244m▀[m[38;2;47;194;244m[48;2;47;194;244m▀[m[38;2;47;194;244m[48;2;47;194;244m▀[m[38;2;47;194;244m[48;2;47;194;244m▀[m[38;2;47;194;244m[48;2;47;194;244m▀[m[38;2;47;194;244m[48;2;47;194;244m▀[m[38;2;47;194;244m[48;2;47;194;244m▀[m[38;2;47;194;244m[48;2;47;194;244m▀[m[38;2;47;194;244m[48;2;47;194;244m▀[m[38;2;47;194;244m[48;2;47;194;244m▀[m[38;2;47;194;244m[48;2;47;194;244m▀[m[38;2;47;194;244m[48;2;47;194;244m▀[m[38;2;47;194;244m[48;2;47;194;244m▀[m[38;2;47;194;244m[48;2;47;194;244m▀[m[38;2;47;194;244m[48;2;47;194;244m▀[m[38;2;47;194;244m[48;2;47;194;244m▀[m[38;2;47;194;244m[48;2;47;194;244m▀[m[38;2;47;194;244m[48;2;47;194;244m▀[m[38;2;47;194;244m[48;2;47;194;244m▀[m[38;2;47;194;244m[48;2;47;194;244m▀[m[38;2;84;61;96m[48;2;47;194;244m▀[m[38;2;32;20;38m[48;2;32;20;38m▀[m[38;2;178;105;50m[48;2;178;105;50m▀[m[38;2;255;255;255m[48;2;253;227;200m▀[m[38;2;235;159;102m[48;2;91;44;31m▀[m[38;2;255;255;255m[48;2;235;159;102m▀[m[38;2;253;227;200m[48;2;253;227;200m▀[m[38;2;178;105;50m[48;2;32;20;38m▀[m[38;2;235;159;102m[48;2;32;20;38m▀[m[38;2;32;20;38m[48;2;47;194;244m▀[m[38;2;47;194;244m[48;2;47;194;244m▀[m[38;2;47;194;244m[48;2;47;194;244m▀[m[38;2;47;194;244m[48;2;47;194;244m▀[m[38;2;47;194;244m[48;2;47;194;244m▀[m[38;2;47;194;244m[48;2;47;194;244m▀[m[38;2;47;194;244m[48;2;47;194;244m▀[m[38;2;47;194;244m[48;2;47;194;244m▀[m[38;2;47;194;244m[48;2;47;194;244m▀[m[38;2;47;194;244m[48;2;47;194;244m▀[m[38;2;47;194;244m[48;2;47;194;244m▀[m[38;2;47;194;244m[48;2;91;226;243m▀[m[38;2;47;194;244m[48;2;91;226;243m▀[m[38;2;47;194;244m[48;2;91;226;243m▀[m[38;2;47;194;244m[48;2;91;226;243m▀[m[38;2;91;226;243m[48;2;91;226;243m▀[m[38;2;91;226;243m[48;2;91;226;243m▀[m[38;2;91;226;243m[48;2;91;226;243m▀[m[38;2;91;226;243m[48;2;47;194;244m▀[m[38;2;91;226;243m[48;2;47;194;244m▀[m[38;2;91;226;243m[48;2;47;194;244m▀[m
[38;2;47;194;244m[48;2;47;194;244m▀[m[38;2;47;194;244m[48;2;47;194;244m▀[m[38;2;47;194;244m[48;2;47;194;244m▀[m[38;2;47;194;244m[48;2;47;194;244m▀[m[38;2;47;194;244m[48;2;47;194;244m▀[m[38;2;47;194;244m[48;2;47;194;244m▀[m[38;2;47;194;244m[48;2;47;194;244m▀[m[38;2;47;194;244m[48;2;47;194;244m▀[m[38;2;47;194;244m[48;2;47;194;244m▀[m[38;2;47;194;244m[48;2;47;194;244m▀[m[38;2;47;194;244m[48;2;47;194;244m▀[m[38;2;47;194;244m[48;2;47;194;244m▀[m[38;2;47;194;244m[48;2;47;194;244m▀[m[38;2;47;194;244m[48;2;47;194;244m▀[m[38;2;47;194;244m[48;2;47;194;244m▀[m[38;2;47;194;244m[48;2;84;61;96m▀[m[38;2;47;194;244m[48;2;32;20;38m▀[m[38;2;47;194;244m[48;2;32;20;38m▀[m[38;2;47;194;244m[48;2;32;20;38m▀[m[38;2;47;194;244m[48;2;32;20;38m▀[m[38;2;47;194;244m[48;2;130;9;49m▀[m[38;2;32;20;38m[48;2;130;9;49m▀[m[38;2;91;44;31m[48;2;32;20;38m▀[m[38;2;178;105;50m[48;2;235;159;102m▀[m[38;2;235;159;102m[48;2;253;227;200m▀[m[38;2;235;159;102m[48;2;178;105;50m▀[m[38;2;178;105;50m[48;2;32;20;38m▀[m[38;2;91;44;31m[48;2;130;9;49m▀[m[38;2;32;20;38m[48;2;235;107;186m▀[m[38;2;130;9;49m[48;2;255;190;230m▀[m[38;2;130;9;49m[48;2;255;190;230m▀[m[38;2;32;20;38m[48;2;189;19;32m▀[m[38;2;84;61;96m[48;2;32;20;38m▀[m[38;2;47;194;244m[48;2;32;20;38m▀[m[38;2;47;194;244m[48;2;91;226;243m▀[m[38;2;47;194;244m[48;2;91;226;243m▀[m[38;2;47;194;244m[48;2;91;226;243m▀[m[38;2;91;226;243m[48;2;91;226;243m▀[m[38;2;91;226;243m[48;2;91;226;243m▀[m[38;2;91;226;243m[48;2;91;226;243m▀[m[38;2;91;226;243m[48;2;91;226;243m▀[m[38;2;91;226;243m[48;2;91;226;243m▀[m[38;2;91;226;243m[48;2;91;226;243m▀[m[38;2;47;194;244m[48;2;91;226;243m▀[m[38;2;47;194;244m[48;2;91;226;243m▀[m[38;2;47;194;244m[48;2;91;226;243m▀[m[38;2;47;194;244m[48;2;91;226;243m▀[m[38;2;47;194;244m[48;2;91;226;243m▀[m[38;2;47;194;244m[48;2;91;226;243m▀[m[38;2;47;194;244m[48;2;47;194;244m▀[m
[38;2;47;194;244m[48;2;213;248;252m▀[m[38;2;47;194;244m[48;2;213;248;252m▀[m[38;2;47;194;244m[48;2;213;248;252m▀[m[38;2;47;194;244m[48;2;213;248;252m▀[m[38;2;91;226;243m[48;2;179;231;243m▀[m[38;2;91;226;243m[48;2;91;226;243m▀[m[38;2;91;226;243m[48;2;91;226;243m▀[m[38;2;91;226;243m[48;2;47;194;244m▀[m[38;2;47;194;244m[48;2;47;194;244m▀[m[38;2;47;194;244m[48;2;47;194;244m▀[m[38;2;47;194;244m[48;2;47;194;244m▀[m[38;2;47;194;244m[48;2;47;194;244m▀[m[38;2;47;194;244m[48;2;47;194;244m▀[m[38;2;47;194;244m[48;2;84;61;96m▀[m[38;2;32;20;38m[48;2;32;20;38m▀[m[38;2;84;61;96m[48;2;84;61;96m▀[m[38;2;84;61;96m[48;2;84;61;96m▀[m[38;2;84;61;96m[48;2;32;20;38m▀[m[38;2;84;61;96m[48;2;84;61;96m▀[m[38;2;32;20;38m[48;2;32;20;38m▀[m[38;2;130;9;49m[48;2;189;19;32m▀[m[38;2;255;190;230m[48;2;255;190;230m▀[m[38;2;235;107;186m[48;2;255;190;230m▀[m[38;2;32;20;38m[48;2;255;190;230m▀[m[38;2;32;20;38m[48;2;91;44;31m▀[m[38;2;189;19;32m[48;2;235;107;186m▀[m[38;2;255;190;230m[48;2;235;107;186m▀[m[38;2;255;190;230m[48;2;235;107;186m▀[m[38;2;255;190;230m[48;2;195;32;108m▀[m[38;2;255;190;230m[48;2;91;44;31m▀[m[38;2;255;190;230m[48;2;195;32;108m▀[m[38;2;255;190;230m[48;2;255;190;230m▀[m[38;2;32;20;38m[48;2;32;20;38m▀[m[38;2;84;61;96m[48;2;84;61;96m▀[m[38;2;32;20;38m[48;2;84;61;96m▀[m[38;2;84;61;96m[48;2;32;20;38m▀[m[38;2;47;194;244m[48;2;47;194;244m▀[m[38;2;47;194;244m[48;2;47;194;244m▀[m[38;2;47;194;244m[48;2;91;226;243m▀[m[38;2;91;226;243m[48;2;91;226;243m▀[m[38;2;91;226;243m[48;2;91;226;243m▀[m[38;2;91;226;243m[48;2;47;194;244m▀[m[38;2;91;226;243m[48;2;47;194;244m▀[m[38;2;91;226;243m[48;2;47;194;244m▀[m[38;2;47;194;244m[48;2;47;194;244m▀[m[38;2;47;194;244m[48;2;47;194;244m▀[m[38;2;47;194;244m[48;2;47;194;244m▀[m[38;2;47;194;244m[48;2;47;194;244m▀[m[38;2;47;194;244m[48;2;47;194;244m▀[m[38;2;47;194;244m[48;2;47;194;244m▀[m
[38;2;213;248;252m[48;2;179;231;243m▀[m[38;2;213;248;252m[48;2;213;248;252m▀[m[38;2;213;248;252m[48;2;213;248;252m▀[m[38;2;213;248;252m[48;2;213;248;252m▀[m[38;2;213;248;252m[48;2;213;248;252m▀[m[38;2;179;231;243m[48;2;213;248;252m▀[m[38;2;179;231;243m[48;2;213;248;252m▀[m[38;2;91;226;243m[48;2;179;231;243m▀[m[38;2;91;226;243m[48;2;91;226;243m▀[m[38;2;91;226;243m[48;2;91;226;243m▀[m[38;2;91;226;243m[48;2;91;226;243m▀[m[38;2;91;226;243m[48;2;91;226;243m▀[m[38;2;91;226;243m[48;2;91;226;243m▀[m[38;2;32;20;38m[48;2;32;20;38m▀[m[38;2;84;61;96m[48;2;84;61;96m▀[m[38;2;84;61;96m[48;2;84;61;96m▀[m[38;2;84;61;96m[48;2;84;61;96m▀[m[38;2;32;20;38m[48;2;32;20;38m▀[m[38;2;84;61;96m[48;2;32;20;38m▀[m[38;2;32;20;38m[48;2;32;20;38m▀[m[38;2;229;68;62m[48;2;229;68;62m▀[m[38;2;255;190;230m[48;2;235;107;186m▀[m[38;2;255;190;230m[48;2;255;190;230m▀[m[38;2;235;107;186m[48;2;91;44;31m▀[m[38;2;189;19;32m[48;2;189;19;32m▀[m[38;2;255;190;230m[48;2;255;190;230m▀[m[38;2;255;190;230m[48;2;255;190;230m▀[m[38;2;195;32;108m[48;2;91;44;31m▀[m[38;2;130;9;49m[48;2;255;190;230m▀[m[38;2;255;190;230m[48;2;189;19;32m▀[m[38;2;235;107;186m[48;2;195;32;108m▀[m[38;2;235;107;186m[48;2;189;19;32m▀[m[38;2;32;20;38m[48;2;32;20;38m▀[m[38;2;84;61;96m[48;2;32;20;38m▀[m[38;2;32;20;38m[48;2;32;20;38m▀[m[38;2;32;20;38m[48;2;32;20;38m▀[m[38;2;47;194;244m[48;2;32;20;38m▀[m[38;2;47;194;244m[48;2;32;20;38m▀[m[38;2;47;194;244m[48;2;47;194;244m▀[m[38;2;47;194;244m[48;2;47;194;244m▀[m[38;2;47;194;244m[48;2;47;194;244m▀[m[38;2;47;194;244m[48;2;47;194;244m▀[m[38;2;47;194;244m[48;2;47;194;244m▀[m[38;2;47;194;244m[48;2;47;194;244m▀[m[38;2;47;194;244m[48;2;47;194;244m▀[m[38;2;47;194;244m[48;2;47;194;244m▀[m[38;2;47;194;244m[48;2;47;194;244m▀[m[38;2;47;194;244m[48;2;47;194;244m▀[m[38;2;47;194;244m[48;2;47;194;244m▀[m[38;2;47;194;244m[48;2;47;194;244m▀[m
[38;2;179;231;243m[48;2;151;203;224m▀[m[38;2;179;231;243m[48;2;179;231;243m▀[m[38;2;213;248;252m[48;2;213;248;252m▀[m[38;2;213;248;252m[48;2;213;248;252m▀[m[38;2;213;248;252m[48;2;213;248;252m▀[m[38;2;213;248;252m[48;2;213;248;252m▀[m[38;2;213;248;252m[48;2;213;248;252m▀[m[38;2;213;248;252m[48;2;213;248;252m▀[m[38;2;91;226;243m[48;2;179;231;243m▀[m[38;2;91;226;243m[48;2;47;194;244m▀[m[38;2;47;194;244m[48;2;47;194;244m▀[m[38;2;47;194;244m[48;2;47;194;244m▀[m[38;2;47;194;244m[48;2;47;194;244m▀[m[38;2;32;20;38m[48;2;32;20;38m▀[m[38;2;84;61;96m[48;2;32;20;38m▀[m[38;2;84;61;96m[48;2;32;20;38m▀[m[38;2;32;20;38m[48;2;32;20;38m▀[m[38;2;32;20;38m[48;2;32;20;38m▀[m[38;2;32;20;38m[48;2;32;20;38m▀[m[38;2;32;20;38m[48;2;32;20;38m▀[m[38;2;189;19;32m[48;2;130;9;49m▀[m[38;2;235;107;186m[48;2;235;107;186m▀[m[38;2;235;107;186m[48;2;235;107;186m▀[m[38;2;189;19;32m[48;2;229;68;62m▀[m[38;2;91;44;31m[48;2;235;107;186m▀[m[38;2;255;190;230m[48;2;235;107;186m▀[m[38;2;255;190;230m[48;2;235;107;186m▀[m[38;2;195;32;108m[48;2;235;107;186m▀[m[38;2;130;9;49m[48;2;195;32;108m▀[m[38;2;235;107;186m[48;2;91;44;31m▀[m[38;2;130;9;49m[48;2;195;32;108m▀[m[38;2;195;32;108m[48;2;130;9;49m▀[m[38;2;32;20;38m[48;2;32;20;38m▀[m[38;2;32;20;38m[48;2;32;20;38m▀[m[38;2;32;20;38m[48;2;32;20;38m▀[m[38;2;32;20;38m[48;2;235;107;186m▀[m[38;2;195;32;108m[48;2;235;107;186m▀[m[38;2;235;107;186m[48;2;195;32;108m▀[m[38;2;32;20;38m[48;2;32;20;38m▀[m[38;2;47;194;244m[48;2;47;194;244m▀[m[38;2;47;194;244m[48;2;47;194;244m▀[m[38;2;47;194;244m[48;2;47;194;244m▀[m[38;2;47;194;244m[48;2;47;194;244m▀[m[38;2;47;194;244m[48;2;47;194;244m▀[m[38;2;47;194;244m[48;2;47;194;244m▀[m[38;2;47;194;244m[48;2;47;194;244m▀[m[38;2;47;194;244m[48;2;47;194;244m▀[m[38;2;47;194;244m[48;2;47;194;244m▀[m[38;2;47;194;244m[48;2;47;194;244m▀[m[38;2;47;194;244m[48;2;47;194;244m▀[m
[38;2;151;203;224m[48;2;151;203;224m▀[m[38;2;179;231;243m[48;2;151;203;224m▀[m[38;2;213;248;252m[48;2;179;231;243m▀[m[38;2;179;231;243m[48;2;151;203;224m▀[m[38;2;179;231;243m[48;2;151;203;224m▀[m[38;2;213;248;252m[48;2;179;231;243m▀[m[38;2;213;248;252m[48;2;179;231;243m▀[m[38;2;213;248;252m[48;2;179;231;243m▀[m[38;2;179;231;243m[48;2;179;231;243m▀[m[38;2;47;194;244m[48;2;47;194;244m▀[m[38;2;47;194;244m[48;2;47;194;244m▀[m[38;2;47;194;244m[48;2;47;194;244m▀[m[38;2;47;194;244m[48;2;47;194;244m▀[m[38;2;32;20;38m[48;2;32;20;38m▀[m[38;2;32;20;38m[48;2;32;20;38m▀[m[38;2;32;20;38m[48;2;32;20;38m▀[m[38;2;32;20;38m[48;2;32;20;38m▀[m[38;2;32;20;38m[48;2;32;20;38m▀[m[38;2;32;20;38m[48;2;32;20;38m▀[m[38;2;130;9;49m[48;2;130;9;49m▀[m[38;2;235;107;186m[48;2;130;9;49m▀[m[38;2;235;107;186m[48;2;189;19;32m▀[m[38;2;235;107;186m[48;2;235;107;186m▀[m[38;2;189;19;32m[48;2;130;9;49m▀[m[38;2;235;107;186m[48;2;195;32;108m▀[m[38;2;235;107;186m[48;2;235;107;186m▀[m[38;2;235;107;186m[48;2;235;107;186m▀[m[38;2;235;107;186m[48;2;235;107;186m▀[m[38;2;235;107;186m[48;2;235;107;186m▀[m[38;2;235;107;186m[48;2;235;107;186m▀[m[38;2;235;107;186m[48;2;189;19;32m▀[m[38;2;32;20;38m[48;2;130;9;49m▀[m[38;2;32;20;38m[48;2;32;20;38m▀[m[38;2;32;20;38m[48;2;32;20;38m▀[m[38;2;32;20;38m[48;2;130;9;49m▀[m[38;2;195;32;108m[48;2;130;9;49m▀[m[38;2;195;32;108m[48;2;130;9;49m▀[m[38;2;195;32;108m[48;2;130;9;49m▀[m[38;2;32;20;38m[48;2;130;9;49m▀[m[38;2;84;61;96m[48;2;130;9;49m▀[m[38;2;47;194;244m[48;2;32;20;38m▀[m[38;2;47;194;244m[48;2;47;194;244m▀[m[38;2;47;194;244m[48;2;47;194;244m▀[m[38;2;47;194;244m[48;2;47;194;244m▀[m[38;2;47;194;244m[48;2;47;194;244m▀[m[38;2;47;194;244m[48;2;47;194;244m▀[m[38;2;47;194;244m[48;2;47;194;244m▀[m[38;2;47;194;244m[48;2;47;194;244m▀[m[38;2;47;194;244m[48;2;47;194;244m▀[m[38;2;47;194;244m[48;2;47;194;244m▀[m
[38;2;151;203;224m[48;2;213;248;252m▀[m[38;2;151;203;224m[48;2;213;248;252m▀[m[38;2;151;203;224m[48;2;133;184;213m▀[m[38;2;133;184;213m[48;2;133;184;213m▀[m[38;2;133;184;213m[48;2;133;184;213m▀[m[38;2;151;203;224m[48;2;133;184;213m▀[m[38;2;179;231;243m[48;2;151;203;224m▀[m[38;2;179;231;243m[48;2;151;203;224m▀[m[38;2;47;194;244m[48;2;179;231;243m▀[m[38;2;47;194;244m[48;2;179;231;243m▀[m[38;2;47;194;244m[48;2;47;194;244m▀[m[38;2;47;194;244m[48;2;47;194;244m▀[m[38;2;47;194;244m[48;2;47;194;244m▀[m[38;2;84;61;96m[48;2;47;194;244m▀[m[38;2;32;20;38m[48;2;84;61;96m▀[m[38;2;32;20;38m[48;2;84;61;96m▀[m[38;2;32;20;38m[48;2;84;61;96m▀[m[38;2;32;20;38m[48;2;235;107;186m▀[m[38;2;235;107;186m[48;2;130;9;49m▀[m[38;2;235;107;186m[48;2;189;19;32m▀[m[38;2;255;190;230m[48;2;229;68;62m▀[m[38;2;255;190;230m[48;2;235;107;186m▀[m[38;2;235;107;186m[48;2;255;190;230m▀[m[38;2;130;9;49m[48;2;255;190;230m▀[m[38;2;130;9;49m[48;2;235;107;186m▀[m[38;2;229;68;62m[48;2;255;190;230m▀[m[38;2;229;68;62m[48;2;255;190;230m▀[m[38;2;189;19;32m[48;2;255;190;230m▀[m[38;2;130;9;49m[48;2;235;107;186m▀[m[38;2;195;32;108m[48;2;195;32;108m▀[m[38;2;235;107;186m[48;2;195;32;108m▀[m[38;2;235;107;186m[48;2;235;107;186m▀[m[38;2;255;190;230m[48;2;235;107;186m▀[m[38;2;255;190;230m[48;2;235;107;186m▀[m[38;2;255;190;230m[48;2;130;9;49m▀[m[38;2;255;190;230m[48;2;229;68;62m▀[m[38;2;255;190;230m[48;2;189;19;32m▀[m[38;2;255;190;230m[48;2;130;9;49m▀[m[38;2;255;190;230m[48;2;255;190;230m▀[m[38;2;255;190;230m[48;2;255;190;230m▀[m[38;2;235;107;186m[48;2;255;190;230m▀[m[38;2;32;20;38m[48;2;32;20;38m▀[m[38;2;47;194;244m[48;2;91;226;243m▀[m[38;2;47;194;244m[48;2;91;226;243m▀[m[38;2;47;194;244m[48;2;91;226;243m▀[m[38;2;91;226;243m[48;2;91;226;243m▀[m[38;2;91;226;243m[48;2;91;226;243m▀[m[38;2;91;226;243m[48;2;91;226;243m▀[m[38;2;91;226;243m[48;2;91;226;243m▀[m[38;2;91;226;243m[48;2;91;226;243m▀[m
[38;2;213;248;252m[48;2;213;248;252m▀[m[38;2;213;248;252m[48;2;213;248;252m▀[m[38;2;213;248;252m[48;2;179;231;243m▀[m[38;2;213;248;252m[48;2;179;231;243m▀[m[38;2;179;231;243m[48;2;179;231;243m▀[m[38;2;213;248;252m[48;2;213;248;252m▀[m[38;2;213;248;252m[48;2;213;248;252m▀[m[38;2;213;248;252m[48;2;213;248;252m▀[m[38;2;213;248;252m[48;2;213;248;252m▀[m[38;2;213;248;252m[48;2;213;248;252m▀[m[38;2;179;231;243m[48;2;179;231;243m▀[m[38;2;213;248;252m[48;2;213;248;252m▀[m[38;2;213;248;252m[48;2;179;231;243m▀[m[38;2;32;20;38m[48;2;32;20;38m▀[m[38;2;32;20;38m[48;2;84;61;96m▀[m[38;2;32;20;38m[48;2;84;61;96m▀[m[38;2;32;20;38m[48;2;84;61;96m▀[m[38;2;32;20;38m[48;2;32;20;38m▀[m[38;2;32;20;38m[48;2;32;20;38m▀[m[38;2;32;20;38m[48;2;32;20;38m▀[m[38;2;32;20;38m[48;2;32;20;38m▀[m[38;2;32;20;38m[48;2;32;20;38m▀[m[38;2;130;9;49m[48;2;32;20;38m▀[m[38;2;235;107;186m[48;2;32;20;38m▀[m[38;2;255;190;230m[48;2;130;9;49m▀[m[38;2;255;190;230m[48;2;235;107;186m▀[m[38;2;255;190;230m[48;2;255;190;230m▀[m[38;2;255;190;230m[48;2;255;190;230m▀[m[38;2;255;190;230m[48;2;255;190;230m▀[m[38;2;255;190;230m[48;2;235;107;186m▀[m[38;2;235;107;186m[48;2;189;19;32m▀[m[38;2;195;32;108m[48;2;130;9;49m▀[m[38;2;130;9;49m[48;2;32;20;38m▀[m[38;2;32;20;38m[48;2;32;20;38m▀[m[38;2;32;20;38m[48;2;32;20;38m▀[m[38;2;32;20;38m[48;2;32;20;38m▀[m[38;2;32;20;38m[48;2;84;61;96m▀[m[38;2;32;20;38m[48;2;84;61;96m▀[m[38;2;130;9;49m[48;2;32;20;38m▀[m[38;2;189;19;32m[48;2;32;20;38m▀[m[38;2;32;20;38m[48;2;47;194;244m▀[m[38;2;91;226;243m[48;2;47;194;244m▀[m[38;2;91;226;243m[48;2;47;194;244m▀[m[38;2;91;226;243m[48;2;47;194;244m▀[m[38;2;91;226;243m[48;2;47;194;244m▀[m[38;2;91;226;243m[48;2;47;194;244m▀[m[38;2;91;226;243m[48;2;47;194;244m▀[m[38;2;91;226;243m[48;2;47;194;244m▀[m[38;2;91;226;243m[48;2;47;194;244m▀[m[38;2;91;226;243m[48;2;91;226;243m▀[m
[38;2;179;231;243m[48;2;151;203;224m▀[m[38;2;151;203;224m[48;2;133;184;213m▀[m[38;2;151;203;224m[48;2;133;184;213m▀[m[38;2;179;231;243m[48;2;151;203;224m▀[m[38;2;179;231;243m[48;2;179;231;243m▀[m[38;2;213;248;252m[48;2;213;248;252m▀[m[38;2;213;248;252m[48;2;213;248;252m▀[m[38;2;213;248;252m[48;2;213;248;252m▀[m[38;2;213;248;252m[48;2;213;248;252m▀[m[38;2;213;248;252m[48;2;179;231;243m▀[m[38;2;179;231;243m[48;2;151;203;224m▀[m[38;2;151;203;224m[48;2;151;203;224m▀[m[38;2;179;231;243m[48;2;179;231;243m▀[m[38;2;84;61;96m[48;2;84;61;96m▀[m[38;2;84;61;96m[48;2;84;61;96m▀[m[38;2;84;61;96m[48;2;84;61;96m▀[m[38;2;84;61;96m[48;2;84;61;96m▀[m[38;2;84;61;96m[48;2;84;61;96m▀[m[38;2;32;20;38m[48;2;32;20;38m▀[m[38;2;32;20;38m[48;2;32;20;38m▀[m[38;2;32;20;38m[48;2;32;20;38m▀[m[38;2;32;20;38m[48;2;32;20;38m▀[m[38;2;32;20;38m[48;2;32;20;38m▀[m[38;2;32;20;38m[48;2;32;20;38m▀[m[38;2;32;20;38m[48;2;32;20;38m▀[m[38;2;32;20;38m[48;2;32;20;38m▀[m[38;2;130;9;49m[48;2;32;20;38m▀[m[38;2;189;19;32m[48;2;32;20;38m▀[m[38;2;229;68;62m[48;2;32;20;38m▀[m[38;2;189;19;32m[48;2;32;20;38m▀[m[38;2;32;20;38m[48;2;32;20;38m▀[m[38;2;32;20;38m[48;2;84;61;96m▀[m[38;2;32;20;38m[48;2;32;20;38m▀[m[38;2;32;20;38m[48;2;32;20;38m▀[m[38;2;32;20;38m[48;2;32;20;38m▀[m[38;2;84;61;96m[48;2;84;61;96m▀[m[38;2;84;61;96m[48;2;84;61;96m▀[m[38;2;84;61;96m[48;2;84;61;96m▀[m[38;2;84;61;96m[48;2;84;61;96m▀[m[38;2;32;20;38m[48;2;32;20;38m▀[m[38;2;47;194;244m[48;2;47;194;244m▀[m[38;2;47;194;244m[48;2;47;194;244m▀[m[38;2;47;194;244m[48;2;47;194;244m▀[m[38;2;47;194;244m[48;2;47;194;244m▀[m[38;2;47;194;244m[48;2;47;194;244m▀[m[38;2;47;194;244m[48;2;47;194;244m▀[m[38;2;47;194;244m[48;2;47;194;244m▀[m[38;2;47;194;244m[48;2;179;231;243m▀[m[38;2;179;231;243m[48;2;213;248;252m▀[m[38;2;213;248;252m[48;2;213;248;252m▀[m
[38;2;151;203;224m[48;2;133;184;213m▀[m[38;2;133;184;213m[48;2;133;184;213m▀[m[38;2;133;184;213m[48;2;133;184;213m▀[m[38;2;133;184;213m[48;2;133;184;213m▀[m[38;2;133;184;213m[48;2;133;184;213m▀[m[38;2;179;231;243m[48;2;151;203;224m▀[m[38;2;179;231;243m[48;2;133;184;213m▀[m[38;2;179;231;243m[48;2;133;184;213m▀[m[38;2;179;231;243m[48;2;151;203;224m▀[m[38;2;151;203;224m[48;2;151;203;224m▀[m[38;2;151;203;224m[48;2;47;194;244m▀[m[38;2;151;203;224m[48;2;47;194;244m▀[m[38;2;151;203;224m[48;2;47;194;244m▀[m[38;2;84;61;96m[48;2;32;20;38m▀[m[38;2;84;61;96m[48;2;84;61;96m▀[m[38;2;84;61;96m[48;2;84;61;96m▀[m[38;2;84;61;96m[48;2;84;61;96m▀[m[38;2;84;61;96m[48;2;32;20;38m▀[m[38;2;32;20;38m[48;2;32;20;38m▀[m[38;2;32;20;38m[48;2;32;20;38m▀[m[38;2;32;20;38m[48;2;32;20;38m▀[m[38;2;84;61;96m[48;2;84;61;96m▀[m[38;2;32;20;38m[48;2;32;20;38m▀[m[38;2;32;20;38m[48;2;32;20;38m▀[m[38;2;32;20;38m[48;2;84;61;96m▀[m[38;2;32;20;38m[48;2;91;226;243m▀[m[38;2;32;20;38m[48;2;47;194;244m▀[m[38;2;32;20;38m[48;2;47;194;244m▀[m[38;2;32;20;38m[48;2;47;194;244m▀[m[38;2;32;20;38m[48;2;47;194;244m▀[m[38;2;84;61;96m[48;2;32;20;38m▀[m[38;2;32;20;38m[48;2;32;20;38m▀[m[38;2;32;20;38m[48;2;32;20;38m▀[m[38;2;32;20;38m[48;2;32;20;38m▀[m[38;2;32;20;38m[48;2;32;20;38m▀[m[38;2;84;61;96m[48;2;32;20;38m▀[m[38;2;84;61;96m[48;2;84;61;96m▀[m[38;2;84;61;96m[48;2;84;61;96m▀[m[38;2;84;61;96m[48;2;32;20;38m▀[m[38;2;32;20;38m[48;2;84;61;96m▀[m[38;2;47;194;244m[48;2;47;194;244m▀[m[38;2;47;194;244m[48;2;47;194;244m▀[m[38;2;47;194;244m[48;2;47;194;244m▀[m[38;2;47;194;244m[48;2;179;231;243m▀[m[38;2;47;194;244m[48;2;179;231;243m▀[m[38;2;179;231;243m[48;2;179;231;243m▀[m[38;2;179;231;243m[48;2;179;231;243m▀[m[38;2;179;231;243m[48;2;179;231;243m▀[m[38;2;213;248;252m[48;2;213;248;252m▀[m[38;2;213;248;252m[48;2;213;248;252m▀[m
[38;2;133;184;213m[48;2;179;231;243m▀[m[38;2;151;203;224m[48;2;179;231;243m▀[m[38;2;133;184;213m[48;2;213;248;252m▀[m[38;2;179;231;243m[48;2;213;248;252m▀[m[38;2;213;248;252m[48;2;213;248;252m▀[m[38;2;179;231;243m[48;2;213;248;252m▀[m[38;2;133;184;213m[48;2;179;231;243m▀[m[38;2;133;184;213m[48;2;47;194;244m▀[m[38;2;47;194;244m[48;2;91;226;243m▀[m[38;2;47;194;244m[48;2;91;226;243m▀[m[38;2;47;194;244m[48;2;91;226;243m▀[m[38;2;91;226;243m[48;2;91;226;243m▀[m[38;2;91;226;243m[48;2;91;226;243m▀[m[38;2;84;61;96m[48;2;32;20;38m▀[m[38;2;32;20;38m[48;2;84;61;96m▀[m[38;2;32;20;38m[48;2;84;61;96m▀[m[38;2;32;20;38m[48;2;32;20;38m▀[m[38;2;84;61;96m[48;2;32;20;38m▀[m[38;2;32;20;38m[48;2;32;20;38m▀[m[38;2;32;20;38m[48;2;32;20;38m▀[m[38;2;32;20;38m[48;2;84;61;96m▀[m[38;2;32;20;38m[48;2;91;226;243m▀[m[38;2;91;226;243m[48;2;91;226;243m▀[m[38;2;91;226;243m[48;2;91;226;243m▀[m[38;2;91;226;243m[48;2;91;226;243m▀[m[38;2;91;226;243m[48;2;91;226;243m▀[m[38;2;91;226;243m[48;2;91;226;243m▀[m[38;2;91;226;243m[48;2;91;226;243m▀[m[38;2;91;226;243m[48;2;91;226;243m▀[m[38;2;91;226;243m[48;2;91;226;243m▀[m[38;2;91;226;243m[48;2;91;226;243m▀[m[38;2;32;20;38m[48;2;84;61;96m▀[m[38;2;32;20;38m[48;2;32;20;38m▀[m[38;2;32;20;38m[48;2;32;20;38m▀[m[38;2;32;20;38m[48;2;32;20;38m▀[m[38;2;84;61;96m[48;2;32;20;38m▀[m[38;2;32;20;38m[48;2;84;61;96m▀[m[38;2;32;20;38m[48;2;84;61;96m▀[m[38;2;32;20;38m[48;2;47;194;244m▀[m[38;2;47;194;244m[48;2;47;194;244m▀[m[38;2;47;194;244m[48;2;47;194;244m▀[m[38;2;47;194;244m[48;2;47;194;244m▀[m[38;2;47;194;244m[48;2;47;194;244m▀[m[38;2;47;194;244m[48;2;47;194;244m▀[m[38;2;47;194;244m[48;2;47;194;244m▀[m[38;2;47;194;244m[48;2;47;194;244m▀[m[38;2;47;194;244m[48;2;47;194;244m▀[m[38;2;47;194;244m[48;2;47;194;244m▀[m[38;2;179;231;243m[48;2;47;194;244m▀[m[38;2;179;231;243m[48;2;47;194;244m▀[m
[38;2;151;203;224m[48;2;133;184;213m▀[m[38;2;179;231;243m[48;2;151;203;224m▀[m[38;2;179;231;243m[48;2;151;203;224m▀[m[38;2;213;248;252m[48;2;151;203;224m▀[m[38;2;213;248;252m[48;2;151;203;224m▀[m[38;2;213;248;252m[48;2;179;231;243m▀[m[38;2;213;248;252m[48;2;213;248;252m▀[m[38;2;179;231;243m[48;2;213;248;252m▀[m[38;2;91;226;243m[48;2;179;231;243m▀[m[38;2;91;226;243m[48;2;91;226;243m▀[m[38;2;91;226;243m[48;2;91;226;243m▀[m[38;2;91;226;243m[48;2;91;226;243m▀[m[38;2;91;226;243m[48;2;91;226;243m▀[m[38;2;32;20;38m[48;2;32;20;38m▀[m[38;2;189;19;32m[48;2;32;20;38m▀[m[38;2;229;68;62m[48;2;32;20;38m▀[m[38;2;130;9;49m[48;2;167;191;212m▀[m[38;2;32;20;38m[48;2;126;146;182m▀[m[38;2;32;20;38m[48;2;32;20;38m▀[m[38;2;91;226;243m[48;2;91;226;243m▀[m[38;2;91;226;243m[48;2;91;226;243m▀[m[38;2;91;226;243m[48;2;91;226;243m▀[m[38;2;91;226;243m[48;2;91;226;243m▀[m[38;2;91;226;243m[48;2;91;226;243m▀[m[38;2;91;226;243m[48;2;91;226;243m▀[m[38;2;91;226;243m[48;2;91;226;243m▀[m[38;2;91;226;243m[48;2;91;226;243m▀[m[38;2;91;226;243m[48;2;91;226;243m▀[m[38;2;91;226;243m[48;2;91;226;243m▀[m[38;2;91;226;243m[48;2;91;226;243m▀[m[38;2;91;226;243m[48;2;91;226;243m▀[m[38;2;47;194;244m[48;2;47;194;244m▀[m[38;2;32;20;38m[48;2;32;20;38m▀[m[38;2;32;20;38m[48;2;167;191;212m▀[m[38;2;130;9;49m[48;2;254;252;255m▀[m[38;2;189;19;32m[48;2;126;146;182m▀[m[38;2;229;68;62m[48;2;32;20;38m▀[m[38;2;32;20;38m[48;2;32;20;38m▀[m[38;2;47;194;244m[48;2;47;194;244m▀[m[38;2;47;194;244m[48;2;47;194;244m▀[m[38;2;47;194;244m[48;2;47;194;244m▀[m[38;2;47;194;244m[48;2;47;194;244m▀[m[38;2;47;194;244m[48;2;47;194;244m▀[m[38;2;47;194;244m[48;2;47;194;244m▀[m[38;2;47;194;244m[48;2;47;194;244m▀[m[38;2;47;194;244m[48;2;47;194;244m▀[m[38;2;47;194;244m[48;2;91;226;243m▀[m[38;2;47;194;244m[48;2;91;226;243m▀[m[38;2;47;194;244m[48;2;91;226;243m▀[m[38;2;47;194;244m[48;2;91;226;243m▀[m
[38;2;133;184;213m[48;2;133;184;213m▀[m[38;2;133;184;213m[48;2;91;226;243m▀[m[38;2;133;184;213m[48;2;84;61;96m▀[m[38;2;133;184;213m[48;2;130;9;49m▀[m[38;2;151;203;224m[48;2;130;9;49m▀[m[38;2;151;203;224m[48;2;130;9;49m▀[m[38;2;179;231;243m[48;2;32;20;38m▀[m[38;2;179;231;243m[48;2;32;20;38m▀[m[38;2;179;231;243m[48;2;32;20;38m▀[m[38;2;179;231;243m[48;2;32;20;38m▀[m[38;2;179;231;243m[48;2;130;9;49m▀[m[38;2;179;231;243m[48;2;130;9;49m▀[m[38;2;91;226;243m[48;2;167;191;212m▀[m[38;2;84;61;96m[48;2;254;252;255m▀[m[38;2;84;61;96m[48;2;254;252;255m▀[m[38;2;32;20;38m[48;2;254;252;255m▀[m[38;2;32;20;38m[48;2;167;191;212m▀[m[38;2;32;20;38m[48;2;167;191;212m▀[m[38;2;32;20;38m[48;2;126;146;182m▀[m[38;2;84;61;96m[48;2;126;146;182m▀[m[38;2;91;226;243m[48;2;130;9;49m▀[m[38;2;91;226;243m[48;2;130;9;49m▀[m[38;2;91;226;243m[48;2;130;9;49m▀[m[38;2;91;226;243m[48;2;130;9;49m▀[m[38;2;91;226;243m[48;2;130;9;49m▀[m[38;2;91;226;243m[48;2;130;9;49m▀[m[38;2;91;226;243m[48;2;130;9;49m▀[m[38;2;91;226;243m[48;2;130;9;49m▀[m[38;2;91;226;243m[48;2;130;9;49m▀[m[38;2;47;194;244m[48;2;130;9;49m▀[m[38;2;47;194;244m[48;2;130;9;49m▀[m[38;2;47;194;244m[48;2;130;9;49m▀[m[38;2;32;20;38m[48;2;126;146;182m▀[m[38;2;32;20;38m[48;2;126;146;182m▀[m[38;2;32;20;38m[48;2;167;191;212m▀[m[38;2;32;20;38m[48;2;167;191;212m▀[m[38;2;84;61;96m[48;2;254;252;255m▀[m[38;2;84;61;96m[48;2;254;252;255m▀[m[38;2;84;61;96m[48;2;254;252;255m▀[m[38;2;47;194;244m[48;2;167;191;212m▀[m[38;2;47;194;244m[48;2;130;9;49m▀[m[38;2;47;194;244m[48;2;130;9;49m▀[m[38;2;47;194;244m[48;2;32;20;38m▀[m[38;2;47;194;244m[48;2;32;20;38m▀[m[38;2;91;226;243m[48;2;32;20;38m▀[m[38;2;91;226;243m[48;2;32;20;38m▀[m[38;2;91;226;243m[48;2;32;20;38m▀[m[38;2;91;226;243m[48;2;32;20;38m▀[m[38;2;91;226;243m[48;2;84;61;96m▀[m[38;2;91;226;243m[48;2;91;226;243m▀[m
[38;2;91;226;243m[48;2;84;61;96m▀[m[38;2;32;20;38m[48;2;195;32;108m▀[m[38;2;195;32;108m[48;2;130;9;49m▀[m[38;2;255;190;230m[48;2;235;107;186m▀[m[38;2;255;190;230m[48;2;235;107;186m▀[m[38;2;235;107;186m[48;2;195;32;108m▀[m[38;2;195;32;108m[48;2;130;9;49m▀[m[38;2;195;32;108m[48;2;130;9;49m▀[m[38;2;235;107;186m[48;2;195;32;108m▀[m[38;2;235;107;186m[48;2;130;9;49m▀[m[38;2;235;107;186m[48;2;195;32;108m▀[m[38;2;235;107;186m[48;2;195;32;108m▀[m[38;2;235;107;186m[48;2;235;107;186m▀[m[38;2;235;107;186m[48;2;235;107;186m▀[m[38;2;235;107;186m[48;2;235;107;186m▀[m[38;2;235;107;186m[48;2;235;107;186m▀[m[38;2;235;107;186m[48;2;235;107;186m▀[m[38;2;235;107;186m[48;2;235;107;186m▀[m[38;2;235;107;186m[48;2;235;107;186m▀[m[38;2;235;107;186m[48;2;235;107;186m▀[m[38;2;235;107;186m[48;2;235;107;186m▀[m[38;2;235;107;186m[48;2;235;107;186m▀[m[38;2;235;107;186m[48;2;235;107;186m▀[m[38;2;235;107;186m[48;2;235;107;186m▀[m[38;2;235;107;186m[48;2;235;107;186m▀[m[38;2;235;107;186m[48;2;235;107;186m▀[m[38;2;235;107;186m[48;2;235;107;186m▀[m[38;2;235;107;186m[48;2;235;107;186m▀[m[38;2;235;107;186m[48;2;235;107;186m▀[m[38;2;235;107;186m[48;2;235;107;186m▀[m[38;2;235;107;186m[48;2;235;107;186m▀[m[38;2;235;107;186m[48;2;235;107;186m▀[m[38;2;235;107;186m[48;2;235;107;186m▀[m[38;2;235;107;186m[48;2;235;107;186m▀[m[38;2;235;107;186m[48;2;235;107;186m▀[m[38;2;235;107;186m[48;2;235;107;186m▀[m[38;2;235;107;186m[48;2;235;107;186m▀[m[38;2;235;107;186m[48;2;235;107;186m▀[m[38;2;235;107;186m[48;2;235;107;186m▀[m[38;2;235;107;186m[48;2;235;107;186m▀[m[38;2;235;107;186m[48;2;235;107;186m▀[m[38;2;235;107;186m[48;2;235;107;186m▀[m[38;2;235;107;186m[48;2;235;107;186m▀[m[38;2;235;107;186m[48;2;235;107;186m▀[m[38;2;235;107;186m[48;2;235;107;186m▀[m[38;2;235;107;186m[48;2;235;107;186m▀[m[38;2;235;107;186m[48;2;235;107;186m▀[m[38;2;235;107;186m[48;2;235;107;186m▀[m[38;2;195;32;108m[48;2;235;107;186m▀[m[38;2;32;20;38m[48;2;195;32;108m▀[m
[38;2;32;20;38m[48;2;32;20;38m▀[m[38;2;255;190;230m[48;2;235;107;186m▀[m[38;2;130;9;49m[48;2;195;32;108m▀[m[38;2;195;32;108m[48;2;130;9;49m▀[m[38;2;235;107;186m[48;2;195;32;108m▀[m[38;2;255;190;230m[48;2;235;107;186m▀[m[38;2;235;107;186m[48;2;195;32;108m▀[m[38;2;235;107;186m[48;2;235;107;186m▀[m[38;2;255;190;230m[48;2;235;107;186m▀[m[38;2;255;190;230m[48;2;235;107;186m▀[m[38;2;255;190;230m[48;2;235;107;186m▀[m[38;2;255;190;230m[48;2;235;107;186m▀[m[38;2;255;190;230m[48;2;235;107;186m▀[m[38;2;255;190;230m[48;2;235;107;186m▀[m[38;2;255;190;230m[48;2;235;107;186m▀[m[38;2;255;190;230m[48;2;235;107;186m▀[m[38;2;255;190;230m[48;2;235;107;186m▀[m[38;2;255;190;230m[48;2;235;107;186m▀[m[38;2;255;190;230m[48;2;235;107;186m▀[m[38;2;255;190;230m[48;2;235;107;186m▀[m[38;2;255;190;230m[48;2;235;107;186m▀[m[38;2;255;190;230m[48;2;235;107;186m▀[m[38;2;255;190;230m[48;2;235;107;186m▀[m[38;2;255;190;230m[48;2;235;107;186m▀[m[38;2;255;190;230m[48;2;235;107;186m▀[m[38;2;255;190;230m[48;2;235;107;186m▀[m[38;2;255;190;230m[48;2;235;107;186m▀[m[38;2;255;190;230m[48;2;235;107;186m▀[m[38;2;255;190;230m[48;2;235;107;186m▀[m[38;2;255;190;230m[48;2;235;107;186m▀[m[38;2;255;190;230m[48;2;235;107;186m▀[m[38;2;255;190;230m[48;2;235;107;186m▀[m[38;2;255;190;230m[48;2;235;107;186m▀[m[38;2;255;190;230m[48;2;235;107;186m▀[m[38;2;255;190;230m[48;2;235;107;186m▀[m[38;2;255;190;230m[48;2;235;107;186m▀[m[38;2;255;190;230m[48;2;235;107;186m▀[m[38;2;255;190;230m[48;2;235;107;186m▀[m[38;2;255;190;230m[48;2;235;107;186m▀[m[38;2;255;190;230m[48;2;235;107;186m▀[m[38;2;255;190;230m[48;2;235;107;186m▀[m[38;2;255;190;230m[48;2;235;107;186m▀[m[38;2;255;190;230m[48;2;235;107;186m▀[m[38;2;255;190;230m[48;2;235;107;186m▀[m[38;2;255;190;230m[48;2;235;107;186m▀[m[38;2;255;190;230m[48;2;235;107;186m▀[m[38;2;255;190;230m[48;2;235;107;186m▀[m[38;2;255;190;230m[48;2;235;107;186m▀[m[38;2;255;190;230m[48;2;235;107;186m▀[m[38;2;255;190;230m[48;2;235;107;186m▀[m
[38;2;32;20;38m[48;2;32;20;38m▀[m[38;2;235;107;186m[48;2;235;107;186m▀[m[38;2;235;107;186m[48;2;195;32;108m▀[m[38;2;195;32;108m[48;2;130;9;49m▀[m[38;2;195;32;108m[48;2;195;32;108m▀[m[38;2;195;32;108m[48;2;235;107;186m▀[m[38;2;130;9;49m[48;2;195;32;108m▀[m[38;2;195;32;108m[48;2;235;107;186m▀[m[38;2;195;32;108m[48;2;235;107;186m▀[m[38;2;235;107;186m[48;2;235;107;186m▀[m[38;2;235;107;186m[48;2;235;107;186m▀[m[38;2;235;107;186m[48;2;235;107;186m▀[m[38;2;235;107;186m[48;2;235;107;186m▀[m[38;2;235;107;186m[48;2;235;107;186m▀[m[38;2;235;107;186m[48;2;235;107;186m▀[m[38;2;235;107;186m[48;2;235;107;186m▀[m[38;2;235;107;186m[48;2;235;107;186m▀[m[38;2;235;107;186m[48;2;235;107;186m▀[m[38;2;235;107;186m[48;2;235;107;186m▀[m[38;2;235;107;186m[48;2;235;107;186m▀[m[38;2;235;107;186m[48;2;235;107;186m▀[m[38;2;235;107;186m[48;2;235;107;186m▀[m[38;2;235;107;186m[48;2;235;107;186m▀[m[38;2;235;107;186m[48;2;235;107;186m▀[m[38;2;235;107;186m[48;2;235;107;186m▀[m[38;2;235;107;186m[48;2;235;107;186m▀[m[38;2;235;107;186m[48;2;235;107;186m▀[m[38;2;235;107;186m[48;2;235;107;186m▀[m[38;2;235;107;186m[48;2;235;107;186m▀[m[38;2;235;107;186m[48;2;235;107;186m▀[m[38;2;235;107;186m[48;2;235;107;186m▀[m[38;2;235;107;186m[48;2;235;107;186m▀[m[38;2;235;107;186m[48;2;235;107;186m▀[m[38;2;235;107;186m[48;2;235;107;186m▀[m[38;2;235;107;186m[48;2;235;107;186m▀[m[38;2;235;107;186m[48;2;235;107;186m▀[m[38;2;235;107;186m[48;2;235;107;186m▀[m[38;2;235;107;186m[48;2;235;107;186m▀[m[38;2;235;107;186m[48;2;235;107;186m▀[m[38;2;235;107;186m[48;2;235;107;186m▀[m[38;2;235;107;186m[48;2;235;107;186m▀[m[38;2;235;107;186m[48;2;235;107;186m▀[m[38;2;235;107;186m[48;2;235;107;186m▀[m[38;2;235;107;186m[48;2;235;107;186m▀[m[38;2;235;107;186m[48;2;235;107;186m▀[m[38;2;235;107;186m[48;2;235;107;186m▀[m[38;2;235;107;186m[48;2;235;107;186m▀[m[38;2;235;107;186m[48;2;235;107;186m▀[m[38;2;235;107;186m[48;2;235;107;186m▀[m[38;2;235;107;186m[48;2;235;107;186m▀[m
[38;2;32;20;38m[48;2;84;61;96m▀[m[38;2;235;107;186m[48;2;195;32;108m▀[m[38;2;255;190;230m[48;2;235;107;186m▀[m[38;2;195;32;108m[48;2;195;32;108m▀[m[38;2;235;107;186m[48;2;235;107;186m▀[m[38;2;235;107;186m[48;2;195;32;108m▀[m[38;2;130;9;49m[48;2;130;9;49m▀[m[38;2;195;32;108m[48;2;130;9;49m▀[m[38;2;195;32;108m[48;2;130;9;49m▀[m[38;2;195;32;108m[48;2;130;9;49m▀[m[38;2;195;32;108m[48;2;130;9;49m▀[m[38;2;195;32;108m[48;2;130;9;49m▀[m[38;2;195;32;108m[48;2;130;9;49m▀[m[38;2;195;32;108m[48;2;130;9;49m▀[m[38;2;195;32;108m[48;2;130;9;49m▀[m[38;2;195;32;108m[48;2;130;9;49m▀[m[38;2;195;32;108m[48;2;130;9;49m▀[m[38;2;195;32;108m[48;2;130;9;49m▀[m[38;2;195;32;108m[48;2;130;9;49m▀[m[38;2;195;32;108m[48;2;130;9;49m▀[m[38;2;195;32;108m[48;2;130;9;49m▀[m[38;2;195;32;108m[48;2;130;9;49m▀[m[38;2;195;32;108m[48;2;130;9;49m▀[m[38;2;195;32;108m[48;2;130;9;49m▀[m[38;2;195;32;108m[48;2;130;9;49m▀[m[38;2;195;32;108m[48;2;130;9;49m▀[m[38;2;195;32;108m[48;2;130;9;49m▀[m[38;2;195;32;108m[48;2;130;9;49m▀[m[38;2;195;32;108m[48;2;130;9;49m▀[m[38;2;195;32;108m[48;2;130;9;49m▀[m[38;2;195;32;108m[48;2;130;9;49m▀[m[38;2;195;32;108m[48;2;130;9;49m▀[m[38;2;195;32;108m[48;2;130;9;49m▀[m[38;2;195;32;108m[48;2;130;9;49m▀[m[38;2;195;32;108m[48;2;130;9;49m▀[m[38;2;195;32;108m[48;2;130;9;49m▀[m[38;2;195;32;108m[48;2;130;9;49m▀[m[38;2;195;32;108m[48;2;130;9;49m▀[m[38;2;195;32;108m[48;2;130;9;49m▀[m[38;2;195;32;108m[48;2;130;9;49m▀[m[38;2;195;32;108m[48;2;130;9;49m▀[m[38;2;195;32;108m[48;2;130;9;49m▀[m[38;2;195;32;108m[48;2;130;9;49m▀[m[38;2;195;32;108m[48;2;130;9;49m▀[m[38;2;195;32;108m[48;2;130;9;49m▀[m[38;2;195;32;108m[48;2;130;9;49m▀[m[38;2;195;32;108m[48;2;130;9;49m▀[m[38;2;195;32;108m[48;2;130;9;49m▀[m[38;2;195;32;108m[48;2;130;9;49m▀[m[38;2;195;32;108m[48;2;130;9;49m▀[m
[m[38;2;47;194;244m▀[m[m[38;2;32;20;38m▀[m[m[38;2;195;32;108m▀[m[m[38;2;130;9;49m▀[m[m[38;2;195;32;108m▀[m[m[38;2;130;9;49m▀[m[m[38;2;130;9;49m▀[m[m[38;2;195;32;108m▀[m[m[38;2;195;32;108m▀[m[m[38;2;195;32;108m▀[m[m[38;2;195;32;108m▀[m[m[38;2;195;32;108m▀[m[m[38;2;195;32;108m▀[m[m[38;2;195;32;108m▀[m[m[38;2;195;32;108m▀[m[m[38;2;195;32;108m▀[m[m[38;2;195;32;108m▀[m[m[38;2;195;32;108m▀[m[m[38;2;195;32;108m▀[m[m[38;2;195;32;108m▀[m[m[38;2;195;32;108m▀[m[m[38;2;195;32;108m▀[m[m[38;2;195;32;108m▀[m[m[38;2;195;32;108m▀[m[m[38;2;195;32;108m▀[m[m[38;2;195;32;108m▀[m[m[38;2;195;32;108m▀[m[m[38;2;195;32;108m▀[m[m[38;2;195;32;108m▀[m[m[38;2;195;32;108m▀[m[m[38;2;195;32;108m▀[m[m[38;2;195;32;108m▀[m[m[38;2;195;32;108m▀[m[m[38;2;195;32;108m▀[m[m[38;2;195;32;108m▀[m[m[38;2;195;32;108m▀[m[m[38;2;195;32;108m▀[m[m[38;2;195;32;108m▀[m[m[38;2;195;32;108m▀[m[m[38;2;195;32;108m▀[m[m[38;2;195;32;108m▀[m[m[38;2;195;32;108m▀[m[m[38;2;195;32;108m▀[m[m[38;2;195;32;108m▀[m[m[38;2;195;32;108m▀[m[m[38;2;195;32;108m▀[m[m[38;2;195;32;108m▀[m[m[38;2;195;32;108m▀[m[m[38;2;130;9;49m▀[m[m[38;2;32;20;38m▀[m
